CustomerID,Recency,Frequency,Monetary
12346.0,0.5955835512607377,1.2544959545938104,3.206219367977329
12347.0,-0.9522790918878471,0.8001660338568091,1.2159934940907748
12348.0,-0.6035322617957277,0.2992073267345332,0.5731847086744531
12349.0,-0.8710640766609151,0.07394609082159041,1.1398455137362107
12350.0,0.5191458898706842,-1.058145946714099,-0.7230240595878158
12351.0,0.8296738892677769,-1.058145946714099,-0.7989090234201262
12352.0,-0.7898490614339833,1.0480979277381186,0.8217237424617436
12353.0,0.012746383161579257,-0.5571872395918231,-0.5820111081947204
12354.0,0.146512290594173,-1.058145946714099,0.12134527505169301
12355.0,0.06051992153036274,-0.5571872395918231,0.027443287074611283
12356.0,-0.8519546613134018,0.48966298795922886,1.4023737261277078
12357.0,-0.8041811229446183,-0.20175138038774237,2.1633648716328335
12358.0,-0.9522790918878471,0.2992073267345332,1.0457068761422235
12359.0,-0.6847472770226596,1.0480979277381186,1.641401555045379
12360.0,-0.7134114000439297,0.8001660338568091,1.1106144878383573
12361.0,0.40926675162248216,0.07394609082159041,-0.41733723062077743
12362.0,-0.9475017380509687,1.15560189306089,1.2770779042543725
12363.0,-0.4363248775049855,-0.5571872395918231,-0.3620846330228719
12364.0,-0.923614968866577,0.07394609082159041,0.26269442656125236
12365.0,0.42837616696999553,-0.5571872395918231,-0.2539386665585365
12366.0,2.067008533019269,-1.058145946714099,-0.4330209689739878
12367.0,-0.9427243842140904,-1.058145946714099,-1.2139503121230573
12368.0,2.038344409997999,-1.058145946714099,0.00431721961430496
12369.0,1.0112133350691541,-0.20175138038774237,0.48665214670526424
12370.0,-0.718188753880808,0.654643185938614,1.1213383986622523
12371.0,-0.7468528769020781,0.2992073267345332,1.0784288498462586
12372.0,-0.6178643233063628,-0.20175138038774237,0.25437426509543015
12373.0,0.5239232437075625,-0.20175138038774237,0.15288264709525515
12374.0,-0.842399953639645,0.07394609082159041,0.8561790312610568
12375.0,-0.909282907355942,-0.5571872395918231,-0.49735383740732014
12376.0,0.9013341968209521,-0.5571872395918231,-0.4288424315832579
12377.0,0.5430326590550759,0.07394609082159041,0.9546594286533505
12378.0,-0.34077780076741854,-0.5571872395918231,1.2851293193598083
12379.0,-0.5700907849375793,0.07394609082159041,0.4142980718731035
12380.0,-0.8567320151502801,1.15560189306089,1.7039216204287486
12381.0,-0.937947030377212,0.2992073267345332,0.5081432040265895
12383.0,-0.07802333973910935,0.2992073267345332,0.510192820524146
12384.0,-0.8232905382921317,-0.5571872395918231,-0.3199135947017141
12385.0,0.8487833046152902,-1.058145946714099,0.5436497066608645
12386.0,0.652911797303278,-0.5571872395918231,-0.590666114333111
12387.0,1.0207680427429107,-1.058145946714099,-1.3286419282778208
12388.0,-0.8853961381715503,0.8001660338568091,1.0483087410136718
12389.0,0.9634397967003706,-0.20175138038774237,0.32588758673964785
12390.0,-0.5796454926113359,-1.058145946714099,-0.3649095964525106
12391.0,-0.8567320151502801,0.48966298795922886,0.7893590347320022
12392.0,1.8615823180335,-1.058145946714099,-0.9775064587177452
12393.0,-0.6178643233063628,0.48966298795922886,0.697599760931253
12394.0,-0.6560831540013895,-0.5571872395918231,0.2400299098047466
12395.0,-0.8710640766609151,1.5110377522649707,1.1859984545545685
12396.0,2.258102686494403,-1.058145946714099,0.015025167143981786
12397.0,-0.7898490614339833,-0.5571872395918231,0.7007353177497089
12398.0,-0.7420755230651997,-1.058145946714099,0.42114002534050293
12399.0,-0.3933286929730804,0.654643185938614,0.5524907356365539
12400.0,1.0159906889060324,-1.058145946714099,-1.0740027234744083
12401.0,0.48570441301253575,-1.058145946714099,-1.7113165499419596
12402.0,0.5812514897501027,0.48966298795922886,0.23114444307731458
12403.0,-0.7229661077176863,-0.5571872395918231,0.0800740666039255
12404.0,2.29632151718943,-1.058145946714099,-1.9159901527305978
12405.0,-0.2500080778667299,-1.058145946714099,0.45336850636850967
12406.0,-0.8567320151502801,0.2992073267345332,1.404480839764311
12407.0,-0.7229661077176863,0.2992073267345332,0.4524104309253793
12408.0,-0.8041811229446183,0.8001660338568091,1.1253746321623121
12409.0,-0.5844228464482143,0.654643185938614,2.3418888709638828
12410.0,0.5143685360338058,-0.20175138038774237,0.07606600061018508
12411.0,0.996881273558519,-1.058145946714099,-0.6966114265376001
12412.0,-0.6035322617957277,0.48966298795922886,0.7546667059026625
12413.0,-0.6417510924907545,0.07394609082159041,0.0658499768830532
12414.0,0.07485198304099779,0.48966298795922886,0.031086560216935028
12415.0,-0.8471773074765234,2.245808014503504,3.6551823410702196
12416.0,2.176887671267471,-1.058145946714099,-1.083479063119576
12417.0,-0.9475017380509687,1.8470162614078611,1.4490478109766531
12418.0,-0.42199281599435046,0.07394609082159041,0.573827509482957
12419.0,0.8822247814734386,-0.5571872395918231,-0.4290429079709787
12420.0,-0.6560831540013895,-1.058145946714099,-0.3015334985861091
12421.0,-0.8853961381715503,0.48966298795922886,0.13406039955308383
12422.0,-0.5032078312212823,1.6565606001831652,1.26011451804845
12423.0,-0.9570564457247255,1.0480979277381186,0.7617062767306624
12424.0,-0.18312512415043303,0.07394609082159041,0.9362531562904177
12425.0,-0.5892002002850927,-0.5571872395918231,0.4663349518537176
12426.0,-0.030249801370325877,-0.5571872395918231,0.2801202697771066
12427.0,-0.8567320151502801,-0.20175138038774237,-0.0717613046227303
12428.0,-0.8376225998027668,0.9303406571479473,1.5626790069375736
12429.0,-0.9188376150296986,0.8001660338568091,1.3831683992806556
12430.0,-0.7564075845758348,-1.058145946714099,-0.9140869666535691
12431.0,-0.7898490614339833,2.202452120611942,1.7582118712873445
12432.0,-0.7564075845758348,0.2992073267345332,1.23592111205836
12433.0,-0.9570564457247255,1.0480979277381186,2.1018710308577075
12434.0,-0.5557587234269442,-0.20175138038774237,0.13722409723708134
12435.0,-0.5796454926113359,0.48966298795922886,1.9666974882568689
12436.0,-0.48409841587376895,-1.058145946714099,-0.420500615234863
12437.0,-0.9522790918878471,2.6431297898006605,1.8992414457870468
12438.0,-0.8949508458453069,-0.5571872395918231,0.8360161759991487
12439.0,2.301098871026308,-0.5571872395918231,0.1625578800941377
12440.0,1.245303673076193,-0.5571872395918231,-0.04317534402002064
12441.0,0.79145505857275,-1.058145946714099,-1.1944600445845235
12442.0,-0.9475017380509687,-1.058145946714099,-1.2006482015145314
12443.0,2.535189209033347,-1.058145946714099,-0.4548481905629194
12444.0,-0.8615093689871585,0.2992073267345332,1.2281970711070198
12445.0,-0.8567320151502801,-0.5571872395918231,-0.5337080037638425
12446.0,-0.6847472770226596,-1.058145946714099,0.06791053694245595
12447.0,0.19906318279983484,-1.058145946714099,-0.4680598825230954
12448.0,-0.7516302307389565,-1.058145946714099,-0.51013975478336
12449.0,-0.8567320151502801,0.48966298795922886,1.2033248991620769
12450.0,-0.21656660100858147,0.2992073267345332,-0.20315689253549152
12451.0,-0.909282907355942,0.8001660338568091,1.8984716545302625
12452.0,-0.8806187843346719,-0.5571872395918231,-0.5410465911194917
12453.0,-0.3216683854199051,-1.058145946714099,-0.18363883836194186
12454.0,-0.6943019846964162,0.2992073267345332,2.0969392023458124
12455.0,-0.6130869694694844,1.0480979277381186,1.344403857991146
12456.0,-0.7516302307389565,-0.20175138038774237,0.9010591712828855
12457.0,-0.6465284463276328,0.8001660338568091,0.8577921720123802
12458.0,-0.622641677143241,0.07394609082159041,0.4811291929803561
12459.0,1.928465271749797,-1.058145946714099,-0.5023142333186489
12460.0,1.216639550054923,-1.058145946714099,-0.7398989069846793
12461.0,-0.5127625388950391,-0.5571872395918231,-0.07081903660266325
12462.0,-0.8710640766609151,-0.5571872395918231,0.191447657081242
12463.0,-0.7086340462070513,0.07394609082159041,0.27988966958264083
12464.0,-0.9140602611928204,0.8001660338568091,0.20493783326999568
12465.0,-0.8806187843346719,-0.5571872395918231,-0.14871634377942664
12466.0,2.29632151718943,-1.058145946714099,-1.9931169908128004
12467.0,1.0589868734379375,-1.058145946714099,-1.3863693196279365
12468.0,-0.06369127822847431,0.2992073267345332,1.0043841365230037
12469.0,1.5367222571257724,-0.5571872395918231,0.8755472347706228
12470.0,2.3345403478844564,-1.058145946714099,-1.0509270085387976
12471.0,-0.9522790918878471,3.499524356127016,2.7268076684925155
12472.0,-0.8089584767814967,1.7867352234743035,2.078065955583817
12473.0,-0.8232905382921317,0.2992073267345332,1.053275097150806
12474.0,-0.8806187843346719,2.3674323185913275,1.8813432499434473
12475.0,-0.703856692370173,-0.5571872395918231,0.16681112859040315
12476.0,-0.8853961381715503,2.0119964593872464,1.9748394625946417
12477.0,-0.8519546613134018,0.9303406571479473,2.237875214522935
12478.0,-0.9427243842140904,-1.058145946714099,-0.21074801997179302
12479.0,-0.909282907355942,-1.058145946714099,-0.3952043394215955
12480.0,-0.82806789212901,0.654643185938614,1.2915668959491338
12481.0,-0.8519546613134018,1.5110377522649707,1.8703370160267185
12482.0,1.7899220104803248,2.2876939305965793,2.350227143422537
12483.0,-0.8806187843346719,1.7867352234743035,1.2413015507570697
12484.0,-0.8041811229446183,1.2544959545938104,1.4003740352001388
12485.0,1.5653863801470425,-1.058145946714099,-0.18260997424631414
12486.0,1.1019830579698426,-1.058145946714099,0.09264111304985656
12487.0,2.5304118551964687,-1.058145946714099,-0.8372778661179224
12488.0,-0.9140602611928204,-0.20175138038774237,0.25471869448622486
12489.0,0.6433570896295212,-1.058145946714099,-0.7218843228249696
12490.0,-0.937947030377212,1.9044924940644754,1.714828882927729
12491.0,-0.7755169999233482,-1.058145946714099,-0.492802663090364
12492.0,-0.6608605078382679,-0.20175138038774237,-0.17540838208086326
12493.0,-0.16879306263979799,-0.5571872395918231,-0.5357639327558648
12494.0,-0.8853961381715503,0.9303406571479473,0.49630223623819336
12495.0,2.1004500098774175,-1.058145946714099,-0.6751481143902295
12496.0,2.000125579302972,-0.5571872395918231,-2.151754517519129
12497.0,-0.5700907849375793,-0.20175138038774237,1.3882789296272404
12498.0,-0.8615093689871585,-0.20175138038774237,-0.5874484438530295
12499.0,1.7134843490902711,-1.058145946714099,-0.6054720939470398
12500.0,-0.8519546613134018,1.7867352234743035,1.3535826853251176
12501.0,0.6481344434663996,-1.058145946714099,0.6248759067512444
12502.0,-0.5032078312212823,0.2992073267345332,1.0147541475263084
12503.0,1.8281408411753517,-1.058145946714099,0.15182661538072953
12504.0,-0.8758414304977935,0.07394609082159041,-0.11377525465798798
12505.0,0.9921039197216407,-1.058145946714099,0.03319579286123119
12506.0,0.15128964443105136,-1.058145946714099,-1.8090344627131465
12507.0,-0.3216683854199051,0.07394609082159041,0.5076543410998968
12508.0,-0.8376225998027668,-0.5571872395918231,-0.5979044567789199
12509.0,0.3949346901118471,-1.058145946714099,-1.1823626322221563
12510.0,-0.278672200888,0.9303406571479473,1.2526575434951455
12511.0,1.0876509964592076,-1.058145946714099,0.8787081811013533
12512.0,-0.6465284463276328,-0.5571872395918231,-1.3897218937904123
12513.0,-0.42199281599435046,-1.058145946714099,-0.2873897793205394
12514.0,0.3137196748849152,-0.5571872395918231,0.4042280996323053
12515.0,0.7245721048564532,-1.058145946714099,-0.6240323838320595
12516.0,-0.5892002002850927,0.07394609082159041,0.7688876570969639
12517.0,-0.82806789212901,0.2992073267345332,0.7218894539760999
12518.0,-0.9570564457247255,0.2992073267345332,0.5864560317509306
12519.0,-0.6560831540013895,-0.5571872395918231,-0.17406918964750265
12520.0,-0.5844228464482143,0.2992073267345332,0.7649649576847387
12521.0,-0.278672200888,-1.058145946714099,-0.3023861927544235
12522.0,-0.7755169999233482,-0.5571872395918231,-1.1192435403731404
12523.0,-0.8710640766609151,2.0119964593872464,1.127297271785531
12524.0,-0.9188376150296986,1.6565606001831652,1.8046901343769415
12525.0,1.4172884112038135,-0.20175138038774237,0.04705016578587591
12526.0,-0.9570564457247255,-0.20175138038774237,0.2646472754244747
12527.0,-0.5700907849375793,0.2992073267345332,-0.15523368397633264
12528.0,-0.9188376150296986,0.48966298795922886,0.541816194372915
12529.0,1.5606090263101642,-1.058145946714099,-0.7626590164647857
12530.0,-0.6751925693489029,0.9303406571479473,1.0215798774993237
12531.0,-0.8901734920084285,-0.5571872395918231,0.5417117079464864
12532.0,-0.8185131844552533,-1.058145946714099,-0.6905576633517495
12533.0,2.038344409997999,-0.5571872395918231,0.2921798439854315
12534.0,-0.33600044693054015,-1.058145946714099,0.12785002563747777
12535.0,-0.5223172465687957,-0.5571872395918231,-0.17426035080289315
12536.0,-0.7564075845758348,-0.20175138038774237,1.8945845624081563
12537.0,0.9921039197216407,-1.058145946714099,-0.15775686236401532
12538.0,-0.8232905382921317,-0.5571872395918231,-0.2549844461369499
12539.0,-0.8567320151502801,0.654643185938614,1.8104175396343174
12540.0,-0.8662867228240368,2.442335020593583,2.305065443244158
12541.0,-0.8185131844552533,-0.20175138038774237,0.05254623471193094
12542.0,1.3504054574875168,-0.5571872395918231,-0.45995737594466696
12543.0,1.1784207193598963,-1.058145946714099,0.05186242980841134
12544.0,-0.7898490614339833,-1.058145946714099,-0.6449730006691882
12545.0,-0.6035322617957277,-0.5571872395918231,0.0665278730446009
12546.0,-0.7372981692283215,-0.5571872395918231,0.1742131651909502
12547.0,-0.015917739859690833,-0.20175138038774237,-0.6242575802406332
12548.0,-0.16879306263979799,-1.058145946714099,-1.6245130074077454
12549.0,1.7899220104803248,0.48966298795922886,0.3941896461801005
12550.0,-0.5844228464482143,-1.058145946714099,0.04042905844501416
12551.0,0.7484588740408449,-1.058145946714099,-1.2177841753357803
12552.0,-0.7755169999233482,-0.5571872395918231,-0.5290212110765316
12553.0,-0.923614968866577,1.2544959545938104,1.1686061057527357
12554.0,1.1831980731967746,-1.058145946714099,-0.4802406974394328
12555.0,2.29632151718943,-1.058145946714099,-1.4058904994023973
12556.0,-0.7229661077176863,-0.5571872395918231,-0.3025304096406064
12557.0,-0.8853961381715503,0.8001660338568091,2.15576596920538
12558.0,-0.923614968866577,-1.058145946714099,-0.8770283001515266
12559.0,0.5239232437075625,-0.5571872395918231,-0.34952018188949774
12560.0,-0.937947030377212,-0.20175138038774237,0.6130122451508189
12561.0,0.48570441301253575,-1.058145946714099,-0.9650608133535935
12562.0,-0.923614968866577,0.9303406571479473,1.2226188899532908
12563.0,0.9921039197216407,-1.058145946714099,-0.9344503829859185
12564.0,0.2850555518636451,-1.058145946714099,-0.4982990530147879
12565.0,0.4188214592962389,-1.058145946714099,-1.318847887067458
12566.0,-0.5509813695900658,-1.058145946714099,-0.6868227093788867
12567.0,-0.8519546613134018,1.5110377522649707,1.845141677454112
12568.0,2.119559425224931,-1.058145946714099,-1.8437683580480868
12569.0,-0.9522790918878471,2.4054512011867506,1.0885260850454943
12570.0,2.29632151718943,-1.058145946714099,-1.7710992564473347
12571.0,-0.7707396460864698,-0.5571872395918231,-0.4056519551419455
12572.0,-0.9188376150296986,-0.5571872395918231,0.08082354930115859
12573.0,0.12262552140978127,0.2992073267345332,-0.17319451882393494
12574.0,0.5478100128919543,-1.058145946714099,-1.0292237452192714
12575.0,1.2214169038918015,-0.5571872395918231,-0.27510138342762996
12576.0,-0.7898490614339833,0.8001660338568091,0.615951034958532
12577.0,-0.7946264152708616,0.8001660338568091,0.41290758937085986
12578.0,-0.8615093689871585,0.07394609082159041,1.173863911345921
12579.0,-0.5892002002850927,-1.058145946714099,-0.5247570052107695
12580.0,0.21817259814734824,-0.5571872395918231,0.10341952317848883
12581.0,-0.7707396460864698,-1.058145946714099,-1.1008854964014612
12582.0,0.17995376745232144,0.07394609082159041,0.5591149182256244
12583.0,-0.9475017380509687,2.202452120611942,1.9491567990617742
12584.0,-0.9427243842140904,0.9303406571479473,0.6789270379811043
12585.0,0.15606699826792972,-0.5571872395918231,0.5805425818954636
12586.0,-0.8806187843346719,0.07394609082159041,0.5884805940665869
12587.0,-0.923614968866577,-1.058145946714099,-1.328343178373953
12588.0,-0.7755169999233482,0.07394609082159041,0.03589326652283727
12589.0,-0.8232905382921317,0.8001660338568091,1.1820884324345726
12590.0,0.046187860019727696,-0.5571872395918231,1.7178071365379248
12591.0,0.5525873667288326,-0.20175138038774237,0.2767558676880968
12592.0,-0.5223172465687957,0.2992073267345332,0.7506908862385223
12593.0,-0.4411022313418638,-0.20175138038774237,-0.5622107542123431
12594.0,-0.7802943537602266,1.5110377522649707,1.240299844901004
12595.0,1.4507298880619621,-1.058145946714099,-0.803489799450431
12596.0,-0.718188753880808,-0.5571872395918231,-0.28038553681238193
12597.0,-0.8710640766609151,0.07394609082159041,1.0314859722055199
12598.0,-0.9140602611928204,1.15560189306089,1.1568195700573762
12599.0,-0.8232905382921317,1.3460575542855853,0.6660277356219195
12600.0,-0.8232905382921317,1.9044924940644754,1.222691535368977
12601.0,-0.05413657055471762,0.48966298795922886,-0.2104623040387905
12602.0,-0.6799699231857812,-1.058145946714099,-1.284313180262894
12603.0,-0.8567320151502801,-1.058145946714099,-0.1516262639955637
12604.0,-0.5844228464482143,-0.5571872395918231,-0.9203395384225237
12605.0,0.8344512431046551,0.07394609082159041,0.217268527539331
12606.0,2.29632151718943,-1.058145946714099,-2.6894908712845376
12607.0,-0.6751925693489029,-1.058145946714099,0.39594095574916355
12608.0,0.9729945043741273,-1.058145946714099,-0.5662003473481911
12609.0,-0.5892002002850927,0.9303406571479473,0.9566658615651329
12610.0,-0.8519546613134018,0.2992073267345332,0.6012631151019774
12611.0,-0.7134114000439297,-1.058145946714099,0.19370554221185624
12612.0,-0.608309615632606,-1.058145946714099,-0.18675473504992277
12613.0,-0.689524630859538,1.0480979277381186,1.4511639835400767
12614.0,0.36627056709057704,-1.058145946714099,-0.7646625819802602
12615.0,-0.9522790918878471,0.8001660338568091,1.3271418710327354
12616.0,-0.5079851850581607,-0.20175138038774237,0.15508573357321184
12617.0,-0.8232905382921317,-1.058145946714099,-0.6841054898044037
12618.0,-0.8567320151502801,-1.058145946714099,-1.1790761425518674
12619.0,-0.8853961381715503,1.0480979277381186,1.0258136511914226
12620.0,-0.8901734920084285,-0.20175138038774237,0.2770036266427461
12621.0,-0.9522790918878471,2.5129551665095216,2.3688676410868217
12622.0,0.146512290594173,-1.058145946714099,-1.1678691928511888
12623.0,0.3567158594168203,0.654643185938614,1.0193843281509491
12624.0,-0.45543429285249887,-0.5571872395918231,-0.25421964123300667
12625.0,0.050965213856606045,0.07394609082159041,1.2508238195585246
12626.0,-0.8519546613134018,0.9303406571479473,1.4300132730345856
12627.0,-0.909282907355942,0.654643185938614,1.147921722433445
12628.0,-0.9427243842140904,-0.20175138038774237,-0.10695067707713704
12629.0,0.8822247814734386,-0.5571872395918231,0.3861515874647279
12630.0,-0.9140602611928204,-0.5571872395918231,0.23912243311723377
12631.0,-0.689524630859538,0.48966298795922886,0.9662028635040467
12632.0,1.5271675494520156,-0.5571872395918231,-0.09026033769696183
12633.0,-0.6799699231857812,0.654643185938614,1.3192011944332593
12634.0,1.5988278570051908,-0.5571872395918231,-0.4479201808766073
12635.0,-0.5318719542425524,0.07394609082159041,0.8418410224560356
12636.0,2.568630685891496,-1.058145946714099,-1.3434342412500873
12637.0,-0.6417510924907545,1.2544959545938104,1.5917787453169487
12638.0,-0.8041811229446183,-0.5571872395918231,0.007288925798934775
12639.0,0.17995376745232144,-0.20175138038774237,0.2622933292437604
12640.0,-0.8471773074765234,-0.20175138038774237,0.18228956035263502
12641.0,-0.41243810832059374,-1.058145946714099,-1.1451139858141048
12642.0,-0.842399953639645,-0.20175138038774237,0.07574581519352834
12643.0,-0.3503325084411752,1.2544959545938104,1.5936069636466372
12644.0,-0.34077780076741854,0.07394609082159041,0.5362010601062694
12645.0,-0.7994037691077399,0.8001660338568091,0.9780704215038398
12646.0,-0.937947030377212,-0.5571872395918231,0.281063354639379
12647.0,-0.8567320151502801,2.5468070428147276,2.1087750641512746
12648.0,-0.2213439548454598,0.07394609082159041,0.1428036285290472
12649.0,-0.45065693901562054,0.8001660338568091,0.6653771512937382
12650.0,-0.9475017380509687,-1.058145946714099,-0.7673121713008757
12651.0,0.6385797357926429,0.07394609082159041,-0.6352838679553864
12652.0,0.6194703204451295,-0.5571872395918231,0.07842387838490665
12653.0,-0.2500080778667299,-0.20175138038774237,1.09482159570861
12654.0,-0.909282907355942,0.2992073267345332,-0.2996275898540072
12655.0,1.0637642272748158,-1.058145946714099,-0.9003374166668556
12656.0,-0.8806187843346719,0.8001660338568091,1.4064511808377802
12657.0,-0.909282907355942,0.07394609082159041,0.42444903627378894
12658.0,-0.8710640766609151,-1.058145946714099,-0.20541220195319543
12659.0,-0.8185131844552533,-1.058145946714099,-1.6514204007211295
12660.0,-0.909282907355942,-1.058145946714099,-0.946492304409727
12661.0,1.121092473317356,-1.058145946714099,-1.2438772409807042
12662.0,-0.9570564457247255,1.8470162614078611,1.4414836061288696
12663.0,2.0240123484873638,-0.5571872395918231,-0.9634074810243168
12664.0,-0.923614968866577,1.15560189306089,1.3673664190611252
12665.0,0.5908061974238594,-0.20175138038774237,-0.7692369290321401
12666.0,0.9204436121684655,-1.058145946714099,0.22626182903888575
12667.0,-0.6847472770226596,-1.058145946714099,-0.27822074486201864
12668.0,-0.9045055535190636,1.0480979277381186,1.8211673541479338
12669.0,-0.2404533701929732,-0.20175138038774237,0.7944229334748318
12670.0,-0.9140602611928204,0.654643185938614,1.0217775719745885
12671.0,1.9332426255866753,-1.058145946714099,0.7617313150778887
12672.0,0.6146929666082511,-0.5571872395918231,-0.5302889221298518
12673.0,-0.937947030377212,-0.20175138038774237,0.2155525134905455
12674.0,-0.7755169999233482,0.07394609082159041,0.5555358926382334
12675.0,1.684820226069001,-0.5571872395918231,0.03474166884776473
12676.0,-0.842399953639645,1.15560189306089,0.8200126233652779
12677.0,1.6895975799058796,-0.5571872395918231,-0.6029528713961384
12678.0,-0.7611849384127132,1.9044924940644754,2.616922491523848
12679.0,-0.6799699231857812,0.07394609082159041,0.14346484054470696
12680.0,-0.9570564457247255,0.07394609082159041,-0.0252655308857787
12681.0,-0.8901734920084285,2.8158079328937515,2.5166473658837467
12682.0,-0.9427243842140904,2.990819440597063,2.3272850706668047
12683.0,-0.9427243842140904,1.9044924940644754,1.836889174255145
12684.0,-0.923614968866577,0.654643185938614,0.6619037492397868
12685.0,-0.82806789212901,0.48966298795922886,0.8250683353269086
12686.0,0.8153418277571418,-1.058145946714099,-1.671479092736808
12687.0,1.3360733959768818,-0.5571872395918231,0.6146669972114567
12688.0,-0.4172154621574721,-1.058145946714099,1.2089617939597082
12689.0,-0.8376225998027668,-0.5571872395918231,0.22579371460050324
12690.0,0.022301090835335952,-1.058145946714099,-0.6141371328852514
12691.0,-0.82806789212901,0.654643185938614,0.17971838317562383
12692.0,2.081340594529904,-1.058145946714099,-1.5150670562438902
12693.0,-0.3551098622780536,0.654643185938614,0.45025327743026705
12694.0,-0.6274190309801194,-0.20175138038774237,0.5073765194502661
12695.0,-0.9283923227034554,0.654643185938614,0.3125753464458789
12696.0,1.1163151194804777,-0.5571872395918231,-0.04931875474848153
12697.0,-0.8232905382921317,-0.20175138038774237,0.0349977382633291
12698.0,1.8568049641966218,-1.058145946714099,-0.7116009473137368
12699.0,1.0351001042535457,-1.058145946714099,-0.25762248422168327
12700.0,-0.923614968866577,0.07394609082159041,1.2186953670598466
12701.0,-0.5796454926113359,0.48966298795922886,0.7115845607847154
12702.0,-0.8662867228240368,-1.058145946714099,-1.0274169118626082
12703.0,-0.622641677143241,0.07394609082159041,0.07094024111495857
12704.0,-0.9283923227034554,0.8001660338568091,0.6797566580831773
12705.0,-0.8901734920084285,1.4312993642702228,1.8448116152107963
12707.0,0.4331535208068739,-1.058145946714099,-0.29790581572194724
12708.0,-0.8185131844552533,1.7233615276208618,1.2441954179343333
12709.0,-0.8901734920084285,2.478149591821275,2.527619944487579
12710.0,-0.498430477384404,-0.20175138038774237,0.16642207994238795
12711.0,1.9619067486079453,-0.5571872395918231,0.2768097355649193
12712.0,-0.8232905382921317,1.9044924940644754,1.4411069033685504
12713.0,-0.9570564457247255,-1.058145946714099,-0.05216798519617576
12714.0,-0.9188376150296986,1.2544959545938104,1.9753415225845412
12715.0,-0.45543429285249887,-1.058145946714099,-0.7039939096434928
12716.0,-0.9427243842140904,-0.5571872395918231,0.10382350863192098
12717.0,-0.2404533701929732,-0.20175138038774237,0.260389200299736
12718.0,-0.622641677143241,-1.058145946714099,-0.9668687781036477
12719.0,-0.937947030377212,-0.5571872395918231,-0.24993823485853234
12720.0,-0.9475017380509687,2.3282062876889484,1.5471670242993159
12721.0,-0.8089584767814967,0.8001660338568091,1.0687298388460467
12722.0,-0.5557587234269442,0.07394609082159041,0.06453564214675951
12723.0,-0.9427243842140904,0.2992073267345332,-0.16553880025895015
12724.0,-0.937947030377212,0.654643185938614,0.6725326644081436
12725.0,0.8105644739202634,0.07394609082159041,0.6565538911497371
12726.0,-0.82806789212901,1.15560189306089,1.0690031202041397
12727.0,-0.909282907355942,1.0480979277381186,1.3193753024392094
12728.0,-0.622641677143241,0.2992073267345332,0.11515209741039449
12729.0,-0.4172154621574721,-1.058145946714099,-0.50445741069891
12730.0,1.531944903288894,-1.058145946714099,-0.06875558295748821
12731.0,-0.8471773074765234,1.6565606001831652,2.4110896812078164
12732.0,-0.10191010892350111,-1.058145946714099,-0.9728978190622438
12733.0,0.15606699826792972,0.07394609082159041,0.7052035156809665
12734.0,0.7245721048564532,-0.20175138038774237,-0.25588525530038175
12735.0,0.5430326590550759,-0.5571872395918231,-0.11329422611879375
12736.0,0.6290250281188862,-1.058145946714099,-0.9798065017124284
12737.0,1.422065765040692,-0.5571872395918231,1.0121585608434944
12738.0,0.8153418277571418,-1.058145946714099,-1.2739436915730111
12739.0,-0.5892002002850927,0.07394609082159041,0.7898593521029729
12740.0,-0.6560831540013895,-1.058145946714099,-0.5460312854947095
12741.0,1.5653863801470425,-0.5571872395918231,-0.5832336024767735
12742.0,2.028789702324242,-1.058145946714099,0.1986445664233447
12743.0,-0.3216683854199051,-0.5571872395918231,-0.3777472195843878
12744.0,-0.7134114000439297,1.15560189306089,2.3981303894748915
12745.0,1.3647375189981519,-0.20175138038774237,0.010349746905804542
12746.0,1.6227146261895826,-1.058145946714099,-0.9192936747376507
12747.0,-0.9522790918878471,2.1575193073054413,1.6434394584863679
12748.0,-0.9570564457247255,5.276266197153594,2.938725152875725
12749.0,-0.9427243842140904,0.9303406571479473,1.4595828705721594
12750.0,-0.34555515460429687,-1.058145946714099,-0.8614274047351476
12751.0,1.1640886578492613,-1.058145946714099,-0.8815445096081482
12752.0,-0.5748681387744575,-1.058145946714099,1.1296859553388627
12753.0,-0.8519546613134018,0.48966298795922886,2.2777956528536496
12754.0,0.1656217059416864,-0.20175138038774237,0.8613552865054142
12755.0,0.3806026286012121,1.15560189306089,1.260729483002553
12756.0,-0.5462040157531874,-1.058145946714099,-1.5078175850930955
12757.0,-0.8853961381715503,1.3460575542855853,1.5515440498636297
12758.0,-0.40288340064683703,0.654643185938614,1.7206536376923585
12759.0,-0.7134114000439297,0.8001660338568091,1.23039678073503
12760.0,1.216639550054923,-1.058145946714099,-0.6947465005851073
12761.0,1.2261942577286797,-0.5571872395918231,-0.11017533000787978
12762.0,-0.923614968866577,-0.5571872395918231,0.5286519479109154
12763.0,-0.30255897007239174,-0.5571872395918231,-0.44194686965100566
12764.0,0.5525873667288326,-1.058145946714099,0.4463711167420275
12765.0,1.2930772114449767,0.48966298795922886,0.3112721175638175
12766.0,-0.9427243842140904,0.9303406571479473,1.6451010938312478
12767.0,0.8344512431046551,-1.058145946714099,0.029122995222157663
12768.0,1.1927527808705314,-1.058145946714099,-1.2148430605822684
12769.0,0.17995376745232144,-1.058145946714099,0.16301208313938528
12770.0,0.046187860019727696,-0.5571872395918231,0.9157466503212478
12771.0,1.3599601651612734,-1.058145946714099,-0.8448814780244567
12772.0,-0.6751925693489029,-1.058145946714099,-0.01578347332797046
12773.0,1.7325937644377847,-1.058145946714099,-1.4340349063836317
12774.0,1.5988278570051908,-1.058145946714099,-1.5987174761640097
12775.0,-0.8806187843346719,0.654643185938614,0.4430586347012608
12776.0,2.229438563473133,-1.058145946714099,-2.0086625508502034
12777.0,1.2261942577286797,-1.058145946714099,-0.405873830401324
12778.0,-0.8662867228240368,0.9303406571479473,0.48039420050644366
12779.0,-0.7802943537602266,1.4312993642702228,1.4138779904271048
12780.0,1.899801148728527,-1.058145946714099,-0.7165963274517531
12781.0,-0.6560831540013895,-0.5571872395918231,-0.07094111309015941
12782.0,-0.937947030377212,1.15560189306089,1.1700905942688682
12783.0,-0.9522790918878471,0.48966298795922886,0.6434327725783577
12784.0,-0.9188376150296986,-0.20175138038774237,0.475285476278598
12785.0,0.777122997062115,-0.20175138038774237,0.1352410387880024
12786.0,1.9523520409341886,-1.058145946714099,-0.16213686158724455
12787.0,-0.9140602611928204,0.07394609082159041,-0.04067902376543207
12788.0,1.2500810269130715,0.07394609082159041,-0.5174680364994473
12789.0,-0.6513058001645111,-0.20175138038774237,-0.8680534649384914
12790.0,-0.04458186288096092,-0.5571872395918231,-0.31185726839541306
12791.0,0.8248965354308985,0.48966298795922886,-0.03956767451882543
12792.0,0.2659461365161317,-0.5571872395918231,-0.07070569834761684
12793.0,0.6385797357926429,-0.20175138038774237,-0.021412150243080696
12794.0,-0.7086340462070513,-0.5571872395918231,-0.042160696221489186
12795.0,-0.8710640766609151,-1.058145946714099,-0.5411971378077571
12796.0,2.038344409997999,-1.058145946714099,-0.6291163745435371
12797.0,0.7866777047358717,-0.5571872395918231,-0.36198021677083236
12798.0,-0.9140602611928204,0.07394609082159041,1.6113006191757469
12799.0,1.5653863801470425,-1.058145946714099,-1.026269459175503
12800.0,1.28352250377122,-0.20175138038774237,-0.321170536667907
12801.0,1.4316204727144486,-1.058145946714099,0.11626312777073948
12802.0,-0.06846863206535267,0.654643185938614,0.7026847873460608
12803.0,0.9156662583315871,-1.058145946714099,0.1302495271700554
12804.0,1.2644130884237066,-0.5571872395918231,-0.7427243343493237
12805.0,0.8631153661259252,0.07394609082159041,0.32670239504664
12806.0,1.1163151194804777,0.07394609082159041,0.8290594922279348
12807.0,0.8678927199628036,-1.058145946714099,-0.7317933003198744
12808.0,-0.7850717075971049,0.2992073267345332,-0.11595314036134077
12809.0,-0.1114648165972578,-0.20175138038774237,0.4723293471692414
12810.0,1.5940505031683125,-0.5571872395918231,-0.3846363907917493
12811.0,0.2850555518636451,0.2992073267345332,0.09028744762996548
12812.0,-0.7468528769020781,-1.058145946714099,-0.9933245363074454
12813.0,1.436397826551327,-0.20175138038774237,0.44377706034083714
12814.0,-0.4745437082000123,-1.058145946714099,-1.4244741103310423
12815.0,-0.25478543170360823,-0.5571872395918231,0.11061620663125875
12816.0,-0.5032078312212823,-0.5571872395918231,-0.3361877748583383
12817.0,0.3806026286012121,-0.20175138038774237,-0.2002511324515854
12818.0,0.28983290570052345,-1.058145946714099,0.37864075096468147
12819.0,1.2261942577286797,-1.058145946714099,-0.3772271742579709
12820.0,-0.9475017380509687,1.15560189306089,0.7799448225821096
12821.0,0.06051992153036274,-0.5571872395918231,-1.0215350631635611
12822.0,-0.622641677143241,-0.5571872395918231,0.02840902686159074
12823.0,-0.6035322617957277,1.7233615276208618,1.4169249213652242
12824.0,-0.6751925693489029,-1.058145946714099,-0.5992810957339738
12825.0,1.5271675494520156,-0.5571872395918231,-0.4070120127582433
12826.0,-0.9475017380509687,1.2544959545938104,0.8091859488341264
12827.0,-0.9331696765403337,-0.20175138038774237,-0.5417494111180302
12828.0,-0.9475017380509687,0.48966298795922886,0.07961409295323059
12829.0,0.6481344434663996,-0.20175138038774237,-0.6210364592238223
12830.0,-0.7802943537602266,0.48966298795922886,1.450874913091199
12831.0,0.28983290570052345,-0.20175138038774237,-0.5074845553448976
12832.0,-0.8089584767814967,-0.5571872395918231,-0.6252906303434501
12833.0,-0.2691174932142433,-1.058145946714099,-0.5634519000388492
12834.0,0.3901573362749688,-1.058145946714099,-0.7720415825491199
12835.0,1.0828736426223293,2.703410827734218,1.3586090474965908
12836.0,-0.6799699231857812,1.5110377522649707,1.423360146502698
12837.0,-0.13535158578164955,-0.5571872395918231,-0.23041428396499158
12838.0,-0.7994037691077399,1.0480979277381186,0.8529588677210775
12839.0,-0.9475017380509687,2.1575193073054413,1.7033858656458989
12840.0,-0.27389484705112166,0.654643185938614,1.073906360040891
12841.0,-0.937947030377212,2.6736379125253507,1.4659211280919315
12842.0,-0.6274190309801194,0.07394609082159041,0.5360130092233227
12843.0,-0.6465284463276328,2.3282062876889484,1.4259553133091585
12844.0,-0.8232905382921317,0.07394609082159041,-0.24587095096360678
12845.0,0.3137196748849152,0.07394609082159041,-0.6818455395766833
12846.0,2.29632151718943,-1.058145946714099,-2.8936569692818592
12847.0,-0.8567320151502801,-0.5571872395918231,0.409285129336451
12848.0,2.2676573941681597,-1.058145946714099,-1.064441927421819
12849.0,-0.813735830618375,0.48966298795922886,0.8689202962183137
12850.0,1.1688660116861396,-1.058145946714099,-0.7325561609394774
12851.0,-0.498430477384404,-0.5571872395918231,-0.8488159991650608
12852.0,0.44748558231750896,-1.058145946714099,-0.7739559144293606
12853.0,-0.3168910315830268,1.15560189306089,1.0494898246544553
12854.0,-0.5844228464482143,0.654643185938614,0.8517600407848621
12855.0,0.8201191815940201,0.07394609082159041,-0.2867427308764708
12856.0,-0.923614968866577,0.48966298795922886,0.6253380457773579
12857.0,0.046187860019727696,0.48966298795922886,1.0077693398726602
12858.0,0.8678927199628036,-1.058145946714099,-1.3122455178466943
12859.0,1.230971611565558,-1.058145946714099,-0.3325450181629267
12860.0,2.3488724093950917,-1.058145946714099,-2.025203586545651
12861.0,2.000125579302972,-1.058145946714099,-1.8617828646355945
12862.0,1.0733189349485726,-0.5571872395918231,0.05506996291432498
12863.0,-0.7134114000439297,0.48966298795922886,0.8070702422446514
12864.0,-0.30255897007239174,-0.5571872395918231,-0.8021677449274426
12865.0,-0.8376225998027668,0.07394609082159041,0.9326664720425617
12866.0,0.3901573362749688,-0.20175138038774237,0.2139852132036781
12867.0,-0.8376225998027668,1.3460575542855853,1.5510473456921996
12868.0,-0.07324598590223101,0.8001660338568091,0.5818357719980629
12869.0,2.29632151718943,-1.058145946714099,-0.7160206292563351
12870.0,0.8296738892677769,-0.20175138038774237,0.4391245748750177
12871.0,-0.5605360772638225,-0.20175138038774237,-0.14694112557684738
12872.0,0.6003609050976161,1.2544959545938104,0.9240364312673491
12873.0,0.3853799824380904,-0.20175138038774237,0.576001642838469
12874.0,0.8774474276365603,-0.5571872395918231,0.028059380571826227
12875.0,-0.278672200888,0.2992073267345332,0.28640915808064543
12876.0,-0.6847472770226596,0.07394609082159041,1.0809810171150915
12877.0,-0.9427243842140904,1.8470162614078611,0.8447236506960247
12878.0,0.1656217059416864,-0.5571872395918231,-0.04671680329606232
12879.0,-0.7468528769020781,-0.20175138038774237,-0.3349044325181062
12880.0,0.8631153661259252,-0.5571872395918231,-0.25534463491348214
12881.0,0.3567158594168203,-1.058145946714099,-0.8059480374113249
12882.0,-0.9188376150296986,-0.5571872395918231,0.3406864613336141
12883.0,-0.842399953639645,0.07394609082159041,-0.1873385448354668
12884.0,-0.5414266619163092,-1.058145946714099,-0.7797528420604598
12885.0,-0.6608605078382679,-0.20175138038774237,0.1826824261769596
12886.0,-0.6369737386538761,-0.5571872395918231,0.2977007064444855
12887.0,0.872670073799682,-1.058145946714099,-1.016346688271597
12888.0,0.06051992153036274,-0.5571872395918231,-0.6817845579332664
12889.0,0.8583380122890469,0.07394609082159041,-0.620737549524808
12890.0,-0.8471773074765234,-0.5571872395918231,-0.18473042525585184
12891.0,-0.07324598590223101,1.15560189306089,-0.059040368346370185
12892.0,0.9347756736791005,-1.058145946714099,-0.8947735747003038
12893.0,-0.813735830618375,-1.058145946714099,-1.182159328587777
12894.0,1.7851446566434466,-1.058145946714099,-1.264768740605169
12895.0,-0.7611849384127132,-0.5571872395918231,-0.6447798690161052
12897.0,0.017523736998457606,0.07394609082159041,-0.41312215558294935
12898.0,1.2548583807499498,-0.5571872395918231,-0.8102823450380363
12899.0,1.0159906889060324,-1.058145946714099,-0.6572456648338645
12900.0,1.0542095196010592,-1.058145946714099,-0.7103733457438869
12901.0,-0.9188376150296986,2.245808014503504,2.1379336757729956
12902.0,0.3041649672111585,-1.058145946714099,-1.3553249145163568
12903.0,1.0876509964592076,-1.058145946714099,-0.06504405677774915
12904.0,-0.8758414304977935,-0.5571872395918231,-0.43906577544126696
12905.0,1.7946993643172031,-0.5571872395918231,0.07940877934335963
12906.0,-0.9045055535190636,0.2992073267345332,0.8392261509755456
12907.0,0.9299983198422221,-0.5571872395918231,-0.42064216154269185
12908.0,-0.12101952427101449,0.2992073267345332,0.4805241983995196
12909.0,-0.7707396460864698,0.8001660338568091,0.8831796780148348
12910.0,-0.8519546613134018,1.3460575542855853,1.3340903042802021
12911.0,1.6752655183952445,-1.058145946714099,0.42818857228427254
12912.0,-0.9475017380509687,0.2992073267345332,0.432794685964921
12913.0,-0.937947030377212,1.3460575542855853,1.3922803566157518
12914.0,0.9538850890266138,-1.058145946714099,-1.0112595059345342
12915.0,-0.2500080778667299,0.07394609082159041,0.04806399748297396
12916.0,-0.29778161623551336,0.654643185938614,1.1481150640248907
12917.0,-0.3503325084411752,0.48966298795922886,1.128432178552546
12918.0,2.028789702324242,-1.058145946714099,1.7934049485306747
12919.0,-0.923614968866577,0.48966298795922886,0.2747275127511377
12920.0,-0.8806187843346719,0.07394609082159041,-0.4528767671899605
12921.0,-0.9188376150296986,3.419785968132268,2.6366953167643126
12922.0,-0.1926798318241897,-1.058145946714099,-0.5844581706944315
12923.0,-0.6560831540013895,-0.20175138038774237,-0.12180564294492897
12924.0,-0.5414266619163092,1.2544959545938104,0.7183334926158449
12925.0,-0.937947030377212,-0.20175138038774237,-0.16131605561627113
12926.0,1.0016586273953973,0.07394609082159041,0.3701190613165734
12927.0,0.9252209660053438,-1.058145946714099,-1.1023399919801782
12928.0,-0.7946264152708616,1.2544959545938104,1.1193847128450245
12929.0,0.5287005975444409,-1.058145946714099,-1.471894538637499
12930.0,-0.5892002002850927,-0.5571872395918231,-0.5661830287731332
12931.0,-0.8567320151502801,3.10220258082986,3.332213741583224
12932.0,1.6131599185158259,0.8001660338568091,0.4483615271957398
12933.0,-0.8471773074765234,0.8001660338568091,0.421567705651717
12934.0,2.559075978217739,-1.058145946714099,-1.161717481109933
12935.0,-0.9522790918878471,1.5110377522649707,1.1090805861984383
12936.0,-0.8806187843346719,0.07394609082159041,0.11091451692742361
12937.0,-0.8901734920084285,0.9303406571479473,0.8818809709888272
12938.0,-0.8376225998027668,-1.058145946714099,-1.4947862183684582
12939.0,-0.6560831540013895,1.8470162614078611,2.396638892951812
12940.0,-0.6990793385332946,-0.5571872395918231,-0.009973916235124102
12941.0,2.4969703783383204,-1.058145946714099,-0.6357795514642842
12942.0,-0.33600044693054015,-0.20175138038774237,-0.2164755487812387
12943.0,1.7039296414165146,-0.5571872395918231,-0.4384270909530083
12944.0,-0.7898490614339833,-0.5571872395918231,-0.29660525383595443
12945.0,0.4140441054593605,-0.5571872395918231,-0.009637398956725118
12946.0,1.1258698271542344,-1.058145946714099,-0.7447619632227797
12947.0,-0.27389484705112166,0.48966298795922886,0.4070354371332055
12948.0,-0.8853961381715503,0.9303406571479473,0.6725046439811699
12949.0,-0.813735830618375,1.9594133665673954,2.0452333732238617
12950.0,-0.9522790918878471,-0.20175138038774237,0.5072395257577259
12951.0,-0.9188376150296986,1.5110377522649707,0.9084346535260451
12952.0,-0.9331696765403337,0.07394609082159041,0.302597773092991
12953.0,-0.9140602611928204,-0.5571872395918231,-0.0691382257644205
12954.0,2.090895302203661,-1.058145946714099,-1.2418872057359125
12955.0,-0.9570564457247255,1.15560189306089,1.1914790169974716
12956.0,0.5000364745231708,0.07394609082159041,-0.40249762070797834
12957.0,-0.9140602611928204,1.3460575542855853,1.6277366703406888
12958.0,0.9491077351897356,-0.5571872395918231,-0.4820263382821122
12959.0,1.3504054574875168,-1.058145946714099,-1.2945487235542534
12960.0,1.0159906889060324,0.07394609082159041,0.2676048692140164
12961.0,0.8487833046152902,-1.058145946714099,-1.0507914345985778
12962.0,-0.9283923227034554,-0.5571872395918231,-0.8866018833775912
12963.0,-0.923614968866577,1.2544959545938104,0.9133732927880708
12964.0,1.1258698271542344,-1.058145946714099,-1.3893967697480902
12965.0,-0.5366493080794308,-1.058145946714099,-0.12237665511290358
12966.0,-0.9140602611928204,-1.058145946714099,-1.2519822664728693
12967.0,0.7484588740408449,-0.20175138038774237,0.8438352691483765
12968.0,-0.4267701698312288,-1.058145946714099,-1.369572527910814
12969.0,1.9189105640760402,-1.058145946714099,-1.444483767470866
12970.0,-0.9283923227034554,1.0480979277381186,0.33601709840788446
12971.0,-0.9427243842140904,3.9692025014910746,2.0534563189581343
12972.0,1.0159906889060324,0.07394609082159041,0.1740268625575527
12973.0,1.0159906889060324,-1.058145946714099,-0.620569467198029
12974.0,-0.015917739859690833,-0.5571872395918231,-0.5781446751264218
12975.0,1.1258698271542344,0.48966298795922886,0.601452092358075
12976.0,0.050965213856606045,0.8001660338568091,0.8954433873580757
12977.0,-0.21656660100858147,0.07394609082159041,-0.4136406861463714
12978.0,0.8774474276365603,0.2992073267345332,0.7280330662255927
12979.0,2.520857147522712,-1.058145946714099,-0.4083050538148761
12980.0,-0.20701189333482475,1.9044924940644754,2.0779100263429857
12981.0,-0.8185131844552533,-0.5571872395918231,-0.6459007525870942
12982.0,0.19906318279983484,0.8001660338568091,0.7946280121338638
12983.0,1.8950237948916484,-1.058145946714099,-0.4478025807543052
12984.0,-0.8710640766609151,-1.058145946714099,-1.6074582031382119
12985.0,-0.9570564457247255,-0.5571872395918231,0.22102014874479217
12986.0,1.0876509964592076,1.0480979277381186,0.7906818716055461
12987.0,-0.608309615632606,0.2992073267345332,0.26220538771675733
12988.0,0.4331535208068739,-1.058145946714099,-0.4250296787279795
12989.0,-0.9475017380509687,2.442335020593583,1.9470385347730017
12990.0,-0.813735830618375,0.654643185938614,0.033422225512983336
12991.0,-0.8519546613134018,-0.20175138038774237,-0.12706476104770192
12992.0,2.5017477321751986,-1.058145946714099,-1.6385295555662076
12993.0,-0.8519546613134018,0.8001660338568091,0.2327093205580879
12994.0,-0.9427243842140904,-0.20175138038774237,0.04756095973470798
12995.0,-0.5557587234269442,-1.058145946714099,-1.0530656637394573
12996.0,0.8344512431046551,-1.058145946714099,-0.6789849569483614
12997.0,-0.8567320151502801,0.8001660338568091,0.6051597652243949
12998.0,1.393401642019422,-0.20175138038774237,0.006184785611504704
12999.0,-0.025472447533447528,-0.20175138038774237,-0.4999087656127924
13000.0,-0.45065693901562054,0.07394609082159041,0.08931030440520134
13001.0,-0.9427243842140904,2.442335020593583,2.3608500250850373
13002.0,0.557364720565711,-0.20175138038774237,-0.5690810056850024
13003.0,-0.45543429285249887,-0.20175138038774237,-1.3036314668574103
13004.0,-0.9045055535190636,2.5468070428147276,1.8379523956430377
13005.0,-0.1305742319447712,0.07394609082159041,0.0660159039312929
13006.0,-0.6943019846964162,-1.058145946714099,-1.7347962475499872
13007.0,1.8090314258278382,-1.058145946714099,-1.187463922352159
13008.0,0.5812514897501027,-0.20175138038774237,-0.287578120555206
13009.0,2.2533253326575244,-1.058145946714099,-0.9798065017124284
13010.0,0.8248965354308985,-0.5571872395918231,-0.7322945178933847
13011.0,0.8153418277571418,-1.058145946714099,-2.0748459672662194
13012.0,-0.9188376150296986,1.15560189306089,0.8485615327271147
13013.0,-0.9570564457247255,2.2876939305965793,1.8028272250430246
13014.0,-0.909282907355942,1.15560189306089,1.2804184347556862
13015.0,-0.7086340462070513,1.15560189306089,1.4255627386993264
13016.0,-0.6130869694694844,-0.20175138038774237,-0.10381337641388295
13017.0,-0.9283923227034554,-1.058145946714099,-1.0783907585626324
13018.0,-0.8853961381715503,2.5129551665095216,1.7103716022522444
13019.0,0.8487833046152902,0.48966298795922886,0.21551146663095744
13020.0,1.7278164106009062,-0.5571872395918231,-0.279581711145889
13021.0,-0.9427243842140904,1.6565606001831652,1.2109476850406604
13022.0,1.0924283502960859,-1.058145946714099,-1.893206449320173
13023.0,-0.6560831540013895,-0.20175138038774237,0.33374571529794883
13024.0,1.2882998576080982,-0.5571872395918231,-0.35705072513002073
13025.0,2.535189209033347,-1.058145946714099,-0.7471168198048468
13026.0,-0.9570564457247255,0.9303406571479473,0.46287580101416914
13027.0,-0.4172154621574721,1.7867352234743035,2.1207499826686576
13028.0,-0.8519546613134018,-0.5571872395918231,-0.23187320781762133
13029.0,-0.813735830618375,0.2992073267345332,0.5395065052787998
13030.0,-0.909282907355942,-0.5571872395918231,-0.13882897206982614
13031.0,0.9825492120478839,0.2992073267345332,0.9259850694046121
13032.0,-0.7134114000439297,0.9303406571479473,0.8130939826212044
13033.0,0.7436815202039665,-0.5571872395918231,-1.0223491261223958
13034.0,-0.6990793385332946,-0.20175138038774237,-0.1346448842525177
13035.0,-0.608309615632606,-0.20175138038774237,0.2902314423941432
13036.0,2.3106535787000646,-1.058145946714099,-0.7843069868143799
13037.0,-0.30255897007239174,1.2544959545938104,1.050864395842415
13038.0,-0.5796454926113359,-0.20175138038774237,-0.002979474141469793
13039.0,1.8281408411753517,0.07394609082159041,0.07394301290082461
13040.0,-0.9188376150296986,-0.5571872395918231,-0.21499415082997703
13041.0,1.1927527808705314,0.07394609082159041,-0.09542909460629193
13042.0,1.8950237948916484,-0.20175138038774237,0.35317496193593145
13043.0,0.3423837979061853,-1.058145946714099,-0.4100885196158755
13044.0,0.42837616696999553,1.15560189306089,1.2051373101264926
13045.0,-0.48887576971064733,-0.20175138038774237,-0.08665073569763315
13046.0,-0.813735830618375,-0.20175138038774237,0.028690141244858455
13047.0,-0.8089584767814967,2.062432694683636,1.6042788838738298
13048.0,-0.8949508458453069,0.9303406571479473,1.0751835717199543
13049.0,-0.6560831540013895,0.07394609082159041,0.3131492519017459
13050.0,-0.8901734920084285,2.5129551665095216,1.858453179834212
13051.0,1.8042540719909599,-0.5571872395918231,-1.2718691361160195
13052.0,0.050965213856606045,0.654643185938614,0.8869230526148931
13053.0,2.009680286976729,-1.058145946714099,-1.4147015689997229
13055.0,-0.5892002002850927,0.07394609082159041,0.6736494819946278
13056.0,1.670488164558366,-1.058145946714099,-1.059348420387072
13057.0,1.5701637339839207,-0.20175138038774237,-0.18109481752471185
13058.0,-0.842399953639645,-0.20175138038774237,-0.8732023395207462
13059.0,0.23250465965798328,1.0480979277381186,0.6644710139417145
13060.0,0.25161407500549665,-1.058145946714099,-0.78330026720482
13061.0,-0.6178643233063628,-1.058145946714099,-0.9362699402800182
13062.0,-0.04935921671783927,-1.058145946714099,-0.6964454600945879
13063.0,1.3360733959768818,-1.058145946714099,-1.135522700013086
13064.0,-0.8997281996821853,0.48966298795922886,0.4347622455282787
13065.0,0.8201191815940201,0.2992073267345332,0.1048905855900949
13066.0,-0.8471773074765234,-0.5571872395918231,-0.47671321147974044
13067.0,-0.5700907849375793,-0.20175138038774237,-0.42120862450095237
13068.0,-0.9140602611928204,-0.5571872395918231,-0.7026536199714881
13069.0,-0.9570564457247255,2.611849228042442,1.6740853172755268
13070.0,-0.04458186288096092,0.07394609082159041,-0.13953827387352224
13071.0,1.9619067486079453,-1.058145946714099,-1.4059459288168297
13072.0,0.3137196748849152,-1.058145946714099,-1.1797241408440235
13073.0,1.0016586273953973,-0.5571872395918231,-0.5622452016842102
13074.0,1.4793940110832322,0.07394609082159041,0.2978786039400334
13075.0,-0.34077780076741854,-1.058145946714099,0.0058163632435292495
13076.0,1.2261942577286797,-1.058145946714099,-1.3724772785071429
13077.0,-0.9570564457247255,1.15560189306089,0.7935335853865287
13078.0,-0.9475017380509687,3.10220258082986,2.49661311768166
13079.0,-0.9427243842140904,0.48966298795922886,-0.5603530277245934
13080.0,-0.10668746276037945,0.07394609082159041,-0.8488928590436499
13081.0,-0.9045055535190636,2.245808014503504,2.9818820623343036
13082.0,-0.3598872161149319,1.9044924940644754,1.504056422654084
13083.0,-0.9427243842140904,-0.20175138038774237,-0.6023517490033793
13084.0,1.3886242881825435,-1.058145946714099,-1.4447761837394353
13085.0,-0.20701189333482475,0.8001660338568091,0.7077016248203511
13086.0,0.8678927199628036,-1.058145946714099,-0.5265416258159005
13087.0,2.506525086012077,-1.058145946714099,-0.769145157428292
13088.0,1.0303227504166674,-1.058145946714099,-0.9733543168845026
13089.0,-0.9475017380509687,4.656082860368571,3.480558075553256
13090.0,-0.9188376150296986,2.062432694683636,1.9221126050433803
13091.0,-0.82806789212901,-0.20175138038774237,0.6738701522668802
13092.0,-0.622641677143241,1.2544959545938104,0.615128974613073
13093.0,0.3567158594168203,3.058846686938299,2.946830763548278
13094.0,-0.8615093689871585,1.3460575542855853,0.6380743549334854
13095.0,-0.622641677143241,-1.058145946714099,-1.8003666254814514
13096.0,0.9204436121684655,-1.058145946714099,-0.5594602691541077
13097.0,-0.8041811229446183,2.245808014503504,1.9348107392886427
13098.0,-0.9570564457247255,2.245808014503504,2.4932317540975775
13099.0,-0.48887576971064733,-1.058145946714099,-1.0666557058074908
13101.0,0.15606699826792972,0.07394609082159041,-0.1956551322417278
13102.0,-0.9570564457247255,2.579756093947218,1.820981547118453
13103.0,-0.7707396460864698,-0.20175138038774237,-0.18104402845120604
13104.0,-0.9475017380509687,0.9303406571479473,0.45282420539878576
13105.0,1.121092473317356,-1.058145946714099,-1.8237162478147033
13106.0,-0.3264457392567835,-0.5571872395918231,-0.29785804723876586
13107.0,-0.7516302307389565,0.9303406571479473,1.2630426244448745
13108.0,0.8201191815940201,-0.5571872395918231,-0.1426520984538665
13109.0,-0.6751925693489029,-0.20175138038774237,0.15695149491583235
13110.0,-0.813735830618375,1.2544959545938104,0.8484737025890473
13111.0,2.4730836091539286,-1.058145946714099,-0.7504847021304253
13112.0,1.6227146261895826,-1.058145946714099,-2.7027358217756294
13113.0,-0.9570564457247255,2.579756093947218,2.161088283159095
13114.0,2.5304118551964687,-1.058145946714099,-0.9786402306621013
13115.0,-0.9045055535190636,1.0480979277381186,1.2954982131991202
13116.0,-0.30255897007239174,-1.058145946714099,-0.4317260522556804
13117.0,-0.8567320151502801,1.7233615276208618,0.6530120784664831
13118.0,-0.8662867228240368,0.9303406571479473,0.7023831433680173
13119.0,2.2342159173100113,-1.058145946714099,-1.3751281428492288
13120.0,0.17995376745232144,-1.058145946714099,-2.4281058043150106
13121.0,0.3232743825586719,-1.058145946714099,-0.8412470980240173
13122.0,-0.5127625388950391,-0.5571872395918231,0.007992814075163198
13123.0,1.297854565281855,-0.5571872395918231,-0.4237063561998679
13124.0,-0.5318719542425524,0.07394609082159041,1.1737410945054663
13125.0,1.5414996109626506,-1.058145946714099,-1.3057029916622669
13126.0,-0.937947030377212,1.3460575542855853,1.0245587419255786
13127.0,-0.5892002002850927,-1.058145946714099,-0.9063605260109872
13128.0,2.052676471508634,-1.058145946714099,-0.8944460162848699
13129.0,1.1975301347074097,-0.5571872395918231,-0.982113897014748
13130.0,-0.5127625388950391,-1.058145946714099,-1.9075005708522121
13131.0,-0.8519546613134018,0.654643185938614,0.9305572693000606
13132.0,0.28983290570052345,-1.058145946714099,-1.773124541551007
13133.0,0.3471611517430636,-0.20175138038774237,-1.0910002311311104
13134.0,-0.5509813695900658,0.48966298795922886,0.72003496138133
13135.0,-0.020695093696569182,-0.5571872395918231,0.9430097266609488
13136.0,-0.6943019846964162,1.3460575542855853,1.3912826525944133
13137.0,-0.909282907355942,1.5859404542672264,1.5283562221922857
13138.0,-0.8567320151502801,0.654643185938614,0.24089661859528166
13139.0,-0.8853961381715503,0.8001660338568091,1.5847017008737823
13140.0,-0.44587958517874215,0.2992073267345332,0.10480172273550885
13141.0,-0.5557587234269442,1.6565606001831652,1.534903624189959
13142.0,-0.8710640766609151,-1.058145946714099,-0.7843304156122882
13143.0,1.83291819501223,-1.058145946714099,-0.5849556900961328
13144.0,0.6290250281188862,-0.5571872395918231,-1.3727419272907095
13145.0,-0.7707396460864698,0.654643185938614,0.15343884236733896
13146.0,-0.8376225998027668,-1.058145946714099,-0.9956128264480698
13147.0,-0.9140602611928204,0.07394609082159041,-0.17784138724906146
13148.0,-0.8232905382921317,2.1575193073054413,1.6101880065910934
13149.0,-0.8949508458453069,0.07394609082159041,0.4387416083182796
13150.0,1.3504054574875168,-0.20175138038774237,-0.509306954518969
13151.0,0.4522629361543873,-0.20175138038774237,0.7171081713784104
13152.0,1.0303227504166674,0.654643185938614,0.6171823727461974
13153.0,-0.9331696765403337,-1.058145946714099,-0.45349874045663724
13154.0,0.9443303813528572,-0.20175138038774237,0.41635214834055584
13155.0,-0.8041811229446183,0.48966298795922886,0.2935442868079807
13156.0,0.8774474276365603,-0.20175138038774237,0.39914448477123626
13157.0,-0.7277434615545647,0.9303406571479473,1.320369581786274
13158.0,-0.5079851850581607,0.2992073267345332,0.3626060567025603
13159.0,-0.9188376150296986,0.07394609082159041,0.32388185943059405
13160.0,-0.8567320151502801,-1.058145946714099,-1.6504863964298149
13161.0,0.5334779513813193,-0.5571872395918231,-0.47468124311327153
13162.0,-0.3789966314624453,1.5859404542672264,1.67338845118694
13163.0,1.9523520409341886,-1.058145946714099,-2.808734447271822
13164.0,1.7564805336221765,-0.5571872395918231,-0.6459394348061803
13165.0,-0.7420755230651997,-0.20175138038774237,0.3348052580678047
13166.0,0.3901573362749688,-0.5571872395918231,-0.0292712818661793
13167.0,-0.8710640766609151,0.2992073267345332,0.15128199549671387
13168.0,-0.7898490614339833,0.2992073267345332,0.5063503921078832
13169.0,-0.6560831540013895,-0.20175138038774237,-0.05940072971630796
13170.0,-0.8328452459658884,-1.058145946714099,-1.5289989031748197
13171.0,-0.8567320151502801,-0.20175138038774237,-0.4803790805850316
13172.0,0.9491077351897356,-1.058145946714099,-1.8478465019414554
13173.0,-0.9427243842140904,1.15560189306089,0.6977110135513694
13174.0,-0.8853961381715503,1.2544959545938104,1.5661990698573929
13175.0,1.818586133501595,-0.5571872395918231,-0.06684540561372894
13176.0,-0.7420755230651997,-1.058145946714099,-0.4605406000752305
13177.0,-0.6513058001645111,-0.5571872395918231,-0.41599979190057135
13178.0,-0.8376225998027668,1.9044924940644754,1.9735714883439295
13179.0,1.9953482254660937,-1.058145946714099,-0.33604926538063
13180.0,1.9380199794235535,-1.058145946714099,-1.69624299537249
13181.0,0.8583380122890469,-1.058145946714099,-0.6705506502190807
13182.0,-0.7468528769020781,-1.058145946714099,-1.451948097531066
13183.0,-0.923614968866577,1.5110377522649707,1.4739644722513252
13184.0,-0.8901734920084285,1.0480979277381186,0.43567486169134817
13185.0,0.31849702872179353,-1.058145946714099,-1.829673609407549
13186.0,-0.7707396460864698,-0.20175138038774237,0.39428578116713625
13187.0,0.6481344434663996,0.07394609082159041,-0.7081984272924101
13188.0,-0.909282907355942,-1.058145946714099,-1.4919081561991734
13189.0,-0.8710640766609151,-0.5571872395918231,-0.9021832119893337
13190.0,1.6370466877002177,-0.20175138038774237,-0.33812970343660864
13191.0,2.1816650251043495,-1.058145946714099,-1.232062066563387
13192.0,-0.5079851850581607,0.48966298795922886,0.7439318073133974
13193.0,-0.6704152155120245,-1.058145946714099,-1.5078175850930955
13194.0,-0.3121136777461484,-0.5571872395918231,-0.4736902528806105
13195.0,1.0159906889060324,-1.058145946714099,-1.3654730043804355
13196.0,-0.909282907355942,0.654643185938614,0.875147614403605
13197.0,1.9523520409341886,-1.058145946714099,-0.6443744606656048
13198.0,-0.9140602611928204,0.8001660338568091,1.2236802387118848
13199.0,-0.9427243842140904,3.2987295869199396,2.065290456866548
13200.0,-0.8710640766609151,0.07394609082159041,-0.034094453512826604
13201.0,1.436397826551327,0.07394609082159041,0.21733287189000458
13202.0,0.9204436121684655,0.654643185938614,0.3963016639230575
13203.0,-0.9140602611928204,1.0480979277381186,0.7687868518559979
13204.0,2.5304118551964687,-1.058145946714099,0.04179544613699148
13205.0,1.1545339501755045,-1.058145946714099,0.8098168793661038
13206.0,0.9491077351897356,1.3460575542855853,1.5938997790724243
13207.0,-0.8901734920084285,0.07394609082159041,-0.3834656924735029
13208.0,-0.6799699231857812,0.9303406571479473,0.5576197292951884
13209.0,-0.8185131844552533,1.3460575542855853,1.611180190146525
13210.0,-0.5127625388950391,-1.058145946714099,-0.6830866183523272
13211.0,-0.9140602611928204,1.0480979277381186,0.7607095406467327
13212.0,-0.8662867228240368,-0.20175138038774237,-0.10661159419325471
13213.0,-0.689524630859538,1.15560189306089,1.039076575120658
13214.0,1.0351001042535457,0.654643185938614,0.9196879344832829
13215.0,0.9586624428634922,-1.058145946714099,-1.7345340342338778
13216.0,0.31849702872179353,-1.058145946714099,-0.7244458748993445
13217.0,-0.3789966314624453,0.07394609082159041,-0.22627137420813
13218.0,-0.3551098622780536,-1.058145946714099,-1.9227637046160495
13219.0,1.9905708716292154,-1.058145946714099,-1.7830566421512664
13220.0,-0.5892002002850927,0.2992073267345332,0.2752135423617486
13221.0,0.1847311212891998,-0.5571872395918231,-0.05313724926554025
13222.0,1.7946993643172031,-1.058145946714099,-1.6766224112180572
13223.0,-0.0063630321859341355,0.48966298795922886,0.043628163622653045
13224.0,-0.6751925693489029,-0.5571872395918231,0.6203921267229401
13225.0,-0.9475017380509687,1.5859404542672264,2.078544638900933
13226.0,0.3423837979061853,-0.5571872395918231,-0.7718573366036131
13227.0,0.0031916754878225607,-1.058145946714099,-0.9104505380605067
13228.0,-0.5748681387744575,-1.058145946714099,-0.673940704770945
13229.0,0.11784816757290292,-1.058145946714099,-1.2485421042790685
13230.0,-0.9427243842140904,2.3282062876889484,1.3732833935716777
13232.0,-0.8997281996821853,0.654643185938614,0.27102295386034037
13233.0,-0.608309615632606,0.07394609082159041,0.18344299577323778
13234.0,2.2533253326575244,-0.5571872395918231,-0.6974418316324538
13235.0,0.050965213856606045,-1.058145946714099,0.08831085493594132
13236.0,-0.842399953639645,-0.5571872395918231,-0.14613740883743576
13237.0,0.8917794891471953,-1.058145946714099,-0.25212059648947954
13238.0,-0.8806187843346719,0.48966298795922886,0.07101188103930059
13239.0,0.28983290570052345,0.2992073267345332,0.4028406824569222
13240.0,-0.5032078312212823,0.8001660338568091,0.34694550005090613
13241.0,1.0064359812322756,-1.058145946714099,-1.5049507767081354
13242.0,-0.4267701698312288,0.654643185938614,-0.19152093108322998
13243.0,0.00796902932470091,0.2992073267345332,0.20987768663271214
13244.0,-0.5175398927319174,-1.058145946714099,-1.4486472217192956
13245.0,-0.718188753880808,-0.5571872395918231,0.05843098599808153
13246.0,-0.8758414304977935,1.15560189306089,0.9387808315232884
13247.0,-0.8758414304977935,0.07394609082159041,-0.4317548029596491
13248.0,-0.36466456995181024,-0.5571872395918231,-0.48458936005792136
13249.0,-0.5223172465687957,0.9303406571479473,0.4092537447607334
13250.0,1.2405263192393148,-0.5571872395918231,-0.9234294334092253
13251.0,0.9586624428634922,-1.058145946714099,-0.9245951193672202
13252.0,0.9204436121684655,-0.5571872395918231,-0.5953393299279369
13253.0,-0.2117892471717031,0.07394609082159041,0.8469202720613941
13254.0,0.8344512431046551,-1.058145946714099,-2.0629031513134843
13255.0,-0.9188376150296986,-0.20175138038774237,-0.21311215631603556
13257.0,1.121092473317356,-1.058145946714099,-1.3002718817743844
13258.0,-0.9045055535190636,0.2992073267345332,0.07301491765307591
13259.0,-0.6656378616751462,0.9303406571479473,0.31022372337702103
13260.0,-0.6704152155120245,-1.058145946714099,-0.35478588591633337
13261.0,0.3232743825586719,-0.5571872395918231,0.024767455380508164
13262.0,0.29461025953740183,-0.20175138038774237,-0.3346153663833413
13263.0,-0.9570564457247255,2.6431297898006605,1.6251815364630688
13264.0,1.1545339501755045,-1.058145946714099,-0.1680384642819279
13265.0,-0.7086340462070513,0.2992073267345332,0.5988949916209458
13266.0,-0.909282907355942,1.7867352234743035,1.3750536569809964
13267.0,-0.9475017380509687,2.5468070428147276,1.68529773396352
13268.0,-0.8758414304977935,1.15560189306089,0.8996309047484071
13269.0,-0.9570564457247255,2.245808014503504,1.6135350845955478
13270.0,0.7866777047358717,-1.058145946714099,-0.3141132733839437
13271.0,-0.7850717075971049,-1.058145946714099,-1.0524879417936641
13272.0,-0.813735830618375,-0.5571872395918231,-0.8596568097582565
13273.0,-0.42199281599435046,-1.058145946714099,-1.3537762558036885
13274.0,0.9921039197216407,-1.058145946714099,-0.6682329294109968
13275.0,0.872670073799682,-0.5571872395918231,-0.9650307189403355
13276.0,-0.6560831540013895,0.2992073267345332,0.5261357257783962
13277.0,-0.8853961381715503,0.654643185938614,-0.40055378954212784
13278.0,-0.7659622922495916,0.07394609082159041,0.3271546692150025
13279.0,-0.5892002002850927,-1.058145946714099,-1.3601469809399778
13280.0,-0.3789966314624453,0.654643185938614,0.6649619795365329
13281.0,1.135424534827991,-1.058145946714099,-0.6884620674696884
13282.0,-0.8758414304977935,0.07394609082159041,0.26274386148619844
13283.0,-0.6751925693489029,0.07394609082159041,-0.6436992856569804
13284.0,0.6194703204451295,-1.058145946714099,-1.0883535436632248
13285.0,-0.8519546613134018,0.48966298795922886,0.9415399365090216
13286.0,1.9045785025654052,-1.058145946714099,-0.15582196415919777
13287.0,1.9189105640760402,-0.20175138038774237,-0.11142865061686001
13288.0,1.1545339501755045,0.2992073267345332,0.012061885591680541
13289.0,2.4969703783383204,-1.058145946714099,-0.7823183132715029
13290.0,1.1306471809911127,-1.058145946714099,-1.0622693504004448
13291.0,-0.21656660100858147,1.15560189306089,0.9211366690539469
13292.0,-0.7755169999233482,0.2992073267345332,0.062276914042581
13293.0,0.9108889044947087,0.48966298795922886,0.19347583922225753
13294.0,-0.05413657055471762,-0.20175138038774237,0.4445161211777608
13295.0,0.7580135817146015,0.07394609082159041,0.13626924420151787
13296.0,-0.30733632390927007,0.48966298795922886,-0.10142610660521496
13297.0,-0.923614968866577,0.654643185938614,1.1299899740148909
13298.0,-0.9570564457247255,-1.058145946714099,-0.6699305302950667
13299.0,0.31849702872179353,-0.20175138038774237,0.20888413145718795
13300.0,-0.15446100112916294,-0.20175138038774237,0.24737800120140396
13301.0,-0.4649890005262556,0.07394609082159041,-0.28059537776291604
13302.0,-0.2213439548454598,-0.5571872395918231,-1.2563845015260449
13303.0,0.9491077351897356,-1.058145946714099,-1.93327486194195
13304.0,0.7150173971826964,0.07394609082159041,0.2084638246577708
13305.0,-0.9427243842140904,1.5859404542672264,0.9936235606907058
13306.0,1.0924283502960859,-1.058145946714099,-2.032693284085385
13307.0,-0.388551339136202,-0.20175138038774237,-0.8680797759537889
13308.0,-0.8519546613134018,0.07394609082159041,0.43628839048920004
13309.0,-0.9283923227034554,0.48966298795922886,0.4516709574766718
13310.0,-0.82806789212901,0.2992073267345332,0.37822898281370243
13311.0,-0.9427243842140904,-0.5571872395918231,-0.30372129965367745
13312.0,1.1927527808705314,-1.058145946714099,-1.431159087643073
13313.0,-0.8567320151502801,1.2544959545938104,0.9586499769983547
13314.0,-0.9522790918878471,-0.20175138038774237,-0.116658886387445
13315.0,2.329762994047578,-1.058145946714099,-0.7769413152586481
13316.0,-0.7850717075971049,1.0480979277381186,1.9137437495039593
13317.0,-0.6465284463276328,1.7867352234743035,1.4152123691009904
13318.0,-0.9570564457247255,-0.20175138038774237,-0.254635684570921
13319.0,-0.937947030377212,3.1233230300705346,2.274210692038714
13320.0,-0.5892002002850927,0.48966298795922886,0.6387793686570711
13321.0,-0.6178643233063628,-0.5571872395918231,-0.34230865497295493
13322.0,-0.8806187843346719,-1.058145946714099,-1.0944843006057106
13323.0,-0.9475017380509687,0.2992073267345332,-0.10567764914062867
13324.0,-0.7898490614339833,1.7233615276208618,1.7638114333371318
13325.0,-0.5700907849375793,-1.058145946714099,-0.21679567424251017
13326.0,1.1019830579698426,-1.058145946714099,-0.846258675052161
13327.0,-0.7755169999233482,1.8470162614078611,1.6623318206546007
13328.0,0.5478100128919543,-1.058145946714099,0.2601522087032978
13329.0,-0.8089584767814967,0.8001660338568091,1.1992662780548025
13330.0,-0.5175398927319174,0.48966298795922886,0.8079869496914367
13331.0,0.9586624428634922,-1.058145946714099,-0.8974542134933727
13332.0,-0.8949508458453069,-1.058145946714099,-0.6883594984394498
13333.0,1.0016586273953973,-0.20175138038774237,0.07750862973952459
13334.0,-0.5700907849375793,0.2992073267345332,1.382864733377045
13336.0,-0.593977554121971,-1.058145946714099,-0.09905577285952845
13337.0,1.6466013953739744,-1.058145946714099,0.3939973377870376
13338.0,-0.20701189333482475,0.07394609082159041,0.7113515236563224
13339.0,-0.0015856783490557876,-1.058145946714099,-0.04240374635265004
13340.0,-0.7468528769020781,1.2544959545938104,2.3000555668651557
13341.0,0.2850555518636451,-1.058145946714099,-0.1167425072879414
13343.0,-0.1114648165972578,-1.058145946714099,-0.6831884408051478
13344.0,-0.6369737386538761,-0.20175138038774237,0.7305856913665132
13345.0,0.4140441054593605,-1.058145946714099,-0.6132308113121203
13346.0,1.2500810269130715,0.48966298795922886,-0.8025761214740881
13347.0,-0.6274190309801194,-1.058145946714099,-0.7081984272924108
13348.0,-0.6560831540013895,-1.058145946714099,-0.9805440660297604
13349.0,-0.909282907355942,-1.058145946714099,-0.940010073236895
13350.0,-0.8853961381715503,-0.5571872395918231,0.05103069741654196
13351.0,-0.6465284463276328,-1.058145946714099,-0.6425818127567037
13352.0,-0.6751925693489029,-1.058145946714099,-0.5977235153724396
13354.0,-0.622641677143241,-1.058145946714099,-0.14741602939587098
13355.0,-0.3789966314624453,-1.058145946714099,-0.2174363513991484
13356.0,-0.5796454926113359,-1.058145946714099,-0.12384839016652875
13357.0,0.2659461365161317,0.2992073267345332,1.0304039946326096
13358.0,0.3232743825586719,-1.058145946714099,-0.5270335810912646
13359.0,-0.6560831540013895,-0.5571872395918231,0.09682114305534409
13360.0,1.1019830579698426,0.07394609082159041,0.3840328327268703
13361.0,1.2930772114449767,-0.5571872395918231,0.3344771153027395
13362.0,-0.9188376150296986,0.654643185938614,1.2821585182440884
13363.0,-0.8758414304977935,-0.20175138038774237,0.45902763700726834
13364.0,-0.622641677143241,-1.058145946714099,-1.3748095246365553
13365.0,-0.7994037691077399,-0.5571872395918231,0.6432577160095274
13366.0,-0.7229661077176863,-1.058145946714099,-2.0002794282539607
13367.0,1.1019830579698426,-1.058145946714099,-0.4188183411634813
13368.0,0.2659461365161317,0.07394609082159041,0.14893865156314576
13369.0,0.7866777047358717,-1.058145946714099,-0.7815477140646591
13370.0,0.8153418277571418,-1.058145946714099,-0.13650466848757492
13371.0,1.4507298880619621,-0.5571872395918231,0.6663229765661439
13372.0,-0.5318719542425524,-1.058145946714099,-0.6335896773842867
13373.0,-0.6704152155120245,0.48966298795922886,1.5283800039320694
13374.0,1.0207680427429107,-0.5571872395918231,-0.5541608454642724
13375.0,-0.5366493080794308,-0.5571872395918231,0.4870870104779177
13376.0,-0.48887576971064733,-0.20175138038774237,0.08035698169302663
13377.0,0.9347756736791005,-0.5571872395918231,0.38367523041055457
13379.0,-0.8376225998027668,-0.20175138038774237,-0.33573456992232836
13380.0,1.106760411806721,-1.058145946714099,-1.9254910235372857
13381.0,-0.8089584767814967,1.2544959545938104,1.586581257007028
13382.0,0.3806026286012121,0.2992073267345332,0.3024886164407636
13383.0,1.6370466877002177,-1.058145946714099,-0.7885836026619584
13384.0,-0.813735830618375,1.15560189306089,1.4365624269102
13385.0,0.6146929666082511,-1.058145946714099,-0.3852022357768989
13386.0,1.0159906889060324,-0.5571872395918231,-0.06337662411897493
13387.0,1.0303227504166674,-1.058145946714099,-1.141108518642223
13388.0,-0.33600044693054015,-0.20175138038774237,0.18905495712034914
13389.0,-0.909282907355942,-0.20175138038774237,-0.09648537126757008
13390.0,-0.6035322617957277,-1.058145946714099,-0.3724973336740586
13391.0,0.012746383161579257,-1.058145946714099,-1.955716966387717
13392.0,2.272434748005038,-1.058145946714099,-1.6556384406051452
13393.0,1.8281408411753517,0.07394609082159041,0.15530885988457094
13394.0,-0.9522790918878471,1.7867352234743035,1.4301462570399959
13395.0,-0.07802333973910935,-0.20175138038774237,0.18575046281422472
13396.0,-0.8232905382921317,-0.5571872395918231,0.28853220330730217
13397.0,-0.6130869694694844,1.0480979277381186,0.9035117303110918
13398.0,-0.04458186288096092,-0.5571872395918231,-0.22210909730791056
13399.0,1.2548583807499498,-0.20175138038774237,-0.8626798565515506
13400.0,1.8233634873384732,-1.058145946714099,-0.7756206618770997
13402.0,-0.3551098622780536,0.07394609082159041,0.21369133259173131
13403.0,-0.8758414304977935,-0.20175138038774237,-0.9937628246362727
13404.0,-0.9570564457247255,-0.5571872395918231,-0.9251359542775802
13405.0,-0.608309615632606,0.48966298795922886,0.2059849624580903
13406.0,1.0780962887854508,-0.5571872395918231,-0.34033013509808374
13407.0,1.8042540719909599,-0.20175138038774237,0.6494978026268303
13408.0,-0.9522790918878471,3.858815183182004,2.891872271151466
13410.0,-0.8471773074765234,0.9303406571479473,0.6356275836474056
13411.0,-0.45065693901562054,-1.058145946714099,-1.0455238147552717
13412.0,2.000125579302972,-1.058145946714099,-0.45182655341674277
13413.0,2.095672656040539,0.48966298795922886,-0.5429390699949047
13414.0,-0.3216683854199051,0.48966298795922886,0.7255263501155081
13415.0,1.297854565281855,0.07394609082159041,-0.1090528763684589
13416.0,-0.7516302307389565,-0.20175138038774237,0.02224263695810484
13417.0,-0.937947030377212,0.48966298795922886,0.4359082369113224
13418.0,-0.9045055535190636,2.3674323185913275,1.8322809731899323
13419.0,-0.6560831540013895,-1.058145946714099,-1.0206894104612247
13420.0,-0.24523072402985155,-0.5571872395918231,-1.2534616555644484
13421.0,-0.7707396460864698,0.8001660338568091,1.0768960516874027
13422.0,-0.6560831540013895,-1.058145946714099,0.7627813179380615
13423.0,1.0876509964592076,-1.058145946714099,-1.0339096808478625
13424.0,1.1879754270336529,-1.058145946714099,-0.33547033172233
13425.0,-0.44587958517874215,0.2992073267345332,0.9470607626938636
13426.0,-0.9570564457247255,1.9594133665673954,1.58156260883739
13427.0,-0.8710640766609151,0.48966298795922886,0.07094024111495857
13428.0,-0.9140602611928204,-0.20175138038774237,-0.46496749704124074
13429.0,-0.909282907355942,0.07394609082159041,0.07113365259538246
13430.0,-0.8710640766609151,-0.5571872395918231,-0.2123798246443154
13431.0,-0.6417510924907545,0.8001660338568091,0.9310949401023334
13432.0,1.766035241295933,-0.5571872395918231,-0.5269187615338288
13433.0,1.4316204727144486,0.07394609082159041,-0.2351501854613041
13434.0,-0.608309615632606,0.2992073267345332,0.4347709013372435
13435.0,-0.937947030377212,0.9303406571479473,1.142876577546765
13436.0,-0.9522790918878471,-1.058145946714099,-1.1038703732228865
13437.0,-0.8949508458453069,0.654643185938614,0.9508033999038672
13438.0,1.6513787492108527,-1.058145946714099,-2.1339078651298546
13439.0,0.25639142884237504,-0.20175138038774237,0.05652589181230463
13440.0,1.0589868734379375,0.654643185938614,0.2528222957835037
13441.0,-0.5223172465687957,-0.5571872395918231,-0.16969639681312024
13442.0,2.2246612096362544,-0.20175138038774237,-0.5591686451061622
13443.0,1.1831980731967746,0.48966298795922886,0.24041524219475377
13444.0,0.8248965354308985,-0.5571872395918231,-0.2794420067070626
13445.0,2.028789702324242,-1.058145946714099,-0.9559396971703267
13446.0,1.0924283502960859,1.15560189306089,1.044744555497645
13447.0,-0.8519546613134018,-0.20175138038774237,0.15383495003988082
13448.0,-0.8806187843346719,1.3460575542855853,1.6309589776509308
13449.0,-0.8471773074765234,-1.058145946714099,-0.8208759088893228
13450.0,-0.8328452459658884,1.3460575542855853,1.0877120635463065
13451.0,-0.8376225998027668,1.15560189306089,1.4794700928599638
13452.0,0.2755008441898884,-0.20175138038774237,-0.160851675445069
13453.0,-0.16879306263979799,-0.20175138038774237,-0.11133642053022062
13454.0,2.1004500098774175,-1.058145946714099,-1.024568033404625
13455.0,-0.842399953639645,0.48966298795922886,0.6392326941768123
13456.0,-0.8758414304977935,0.48966298795922886,0.476744721589373
13457.0,2.329762994047578,-0.5571872395918231,-1.3076353433693226
13458.0,-0.9283923227034554,1.5859404542672264,1.8568104509058005
13459.0,2.0240123484873638,-0.5571872395918231,0.1735360354688806
13460.0,-0.8232905382921317,-0.5571872395918231,-1.1546778715664003
13461.0,-0.7755169999233482,0.48966298795922886,1.0946776258022843
13462.0,0.24683672116861832,0.2992073267345332,0.16944736277877842
13464.0,-0.6847472770226596,0.48966298795922886,0.8818879595358354
13465.0,1.1688660116861396,-0.5571872395918231,0.014785144444369987
13466.0,-0.08280069357598771,0.2992073267345332,0.07580986363996281
13467.0,-0.909282907355942,-0.5571872395918231,0.11632368027217875
13468.0,-0.9522790918878471,3.3863916056978276,1.9054674451384295
13469.0,2.1577782559199576,-1.058145946714099,-1.727576587126046
13470.0,-0.48887576971064733,-0.5571872395918231,-1.230712811383119
13471.0,-0.9570564457247255,0.07394609082159041,0.7277504854363459
13472.0,1.2548583807499498,-0.5571872395918231,-0.31138257670373465
13473.0,-0.6704152155120245,0.8001660338568091,0.7713733603052568
13474.0,0.1656217059416864,-0.20175138038774237,-0.24810790708390174
13475.0,-0.04935921671783927,0.07394609082159041,0.32510712424599314
13476.0,-0.10668746276037945,0.2992073267345332,0.5880607365322661
13477.0,-0.7802943537602266,1.15560189306089,0.8139160580755688
13478.0,1.2787451499343416,0.2992073267345332,0.640141748227527
13479.0,-0.0015856783490557876,0.07394609082159041,-0.04977590896308371
13480.0,1.0303227504166674,-0.5571872395918231,-0.26933888675918344
13481.0,-0.7420755230651997,1.15560189306089,1.0351914184875848
13482.0,0.146512290594173,-0.5571872395918231,-0.7193960665886169
13483.0,-0.6465284463276328,-1.058145946714099,-1.3467970446950697
13484.0,0.18950847512607816,-0.20175138038774237,-0.10305624916121099
13485.0,0.15128964443105136,1.15560189306089,0.8633848485744251
13486.0,-0.5892002002850927,-0.20175138038774237,0.1495235947938358
13487.0,-0.6847472770226596,0.2992073267345332,-0.053596829016143606
13488.0,-0.8806187843346719,2.0119964593872464,1.9810673890618207
13489.0,-0.4602116466893772,0.07394609082159041,-0.510027591074162
13490.0,2.162555609756836,-1.058145946714099,-1.279040070278881
13491.0,-0.7134114000439297,2.202452120611942,1.1461680066410573
13492.0,-0.3121136777461484,-0.20175138038774237,0.23853196088834738
13493.0,0.351938505579942,-0.5571872395918231,-0.27996603782943424
13494.0,0.5287005975444409,-1.058145946714099,-0.7631593867176744
13495.0,-0.923614968866577,1.0480979277381186,1.2074053467238082
13496.0,-0.909282907355942,-0.5571872395918231,-0.24063406134060134
13497.0,0.3901573362749688,0.48966298795922886,0.17751515092320186
13498.0,2.5256345013595904,-1.058145946714099,-0.7382924689000643
13499.0,-0.8758414304977935,0.2992073267345332,0.17272761812860066
13500.0,-0.8519546613134018,0.07394609082159041,0.34229198324521676
13501.0,0.4140441054593605,-0.20175138038774237,0.8305992770069213
13502.0,-0.8806187843346719,0.2992073267345332,-0.11243472358693318
13503.0,-0.622641677143241,0.48966298795922886,0.513568806249206
13504.0,-0.6560831540013895,-1.058145946714099,-0.8109626974422116
13505.0,-0.6130869694694844,0.07394609082159041,1.1341096661793755
13506.0,0.5478100128919543,0.2992073267345332,0.27628704745854643
13507.0,-0.9475017380509687,0.07394609082159041,0.7211796617468957
13508.0,0.2038405366367132,-0.5571872395918231,-0.8328791349609262
13509.0,-0.9188376150296986,0.8001660338568091,0.14456551638244894
13510.0,-0.9570564457247255,1.15560189306089,1.1606611329386718
13511.0,2.272434748005038,-1.058145946714099,-0.8437103791445655
13512.0,0.2850555518636451,0.07394609082159041,-0.17724499677133604
13513.0,-0.3551098622780536,-0.20175138038774237,-0.07281845688159888
13514.0,-0.608309615632606,0.07394609082159041,-0.08045656403728974
13515.0,-0.6130869694694844,0.48966298795922886,0.23624500580794974
13516.0,-0.8615093689871585,0.07394609082159041,0.44269059230718216
13517.0,-0.6751925693489029,-0.20175138038774237,0.6111198330392023
13518.0,-0.5509813695900658,-1.058145946714099,-0.2700969060533366
13519.0,-0.5892002002850927,-0.5571872395918231,-0.7043084003534469
13520.0,-0.6799699231857812,1.15560189306089,1.4284330316092204
13521.0,-0.9570564457247255,-0.20175138038774237,0.11620257018927448
13522.0,-0.8185131844552533,-1.058145946714099,-1.425156906739286
13523.0,-0.8041811229446183,0.48966298795922886,1.1568959654208641
13524.0,-0.7659622922495916,0.2992073267345332,-0.21160584695386733
13525.0,-0.8901734920084285,-0.5571872395918231,-0.2682377322994445
13526.0,2.563853332054617,-0.5571872395918231,0.1868312701304279
13527.0,-0.7994037691077399,1.2544959545938104,1.157964652414481
13529.0,-0.5844228464482143,-0.5571872395918231,-0.7827623650713859
13530.0,2.067008533019269,-1.058145946714099,-0.5887337913642179
13531.0,0.017523736998457606,0.48966298795922886,0.3257567293395097
13532.0,-0.7994037691077399,-1.058145946714099,-1.0565075787404667
13533.0,-0.08757804741286605,-0.20175138038774237,-0.8793496835688038
13534.0,-0.9522790918878471,2.5129551665095216,1.5409884579620925
13535.0,0.9634397967003706,-1.058145946714099,-1.668602000379618
13536.0,-0.9570564457247255,0.654643185938614,0.9584551627984736
13537.0,1.0733189349485726,-0.5571872395918231,-0.1727525598025716
13538.0,-0.7564075845758348,1.2544959545938104,0.88316572584325
13539.0,-0.5509813695900658,0.654643185938614,0.3912904336609745
13540.0,1.2691904422605849,-0.20175138038774237,-0.2641119032082102
13541.0,1.0780962887854508,-0.5571872395918231,-0.10806068327461534
13542.0,0.8392285969415335,1.6565606001831652,1.05902814261513
13543.0,2.067008533019269,-0.5571872395918231,0.32904111118072127
13544.0,-0.7707396460864698,0.48966298795922886,-0.10353050102362996
13545.0,0.9061115506578303,-0.5571872395918231,-0.6601395621472315
13546.0,-0.9045055535190636,0.2992073267345332,0.12590076443478868
13547.0,0.9873265658847623,-1.058145946714099,-1.2217243962574313
13548.0,-0.5032078312212823,-0.20175138038774237,-0.008572794732481175
13549.0,-0.8376225998027668,0.8001660338568091,0.07041705415561667
13550.0,0.8678927199628036,-1.058145946714099,-0.7056937895841163
13551.0,0.5621420744025893,-0.5571872395918231,-0.9491369098274812
13552.0,-0.6465284463276328,1.9594133665673954,1.4649579357103124
13553.0,2.2628800403312814,-1.058145946714099,-0.4339432139916791
13554.0,0.8535606584521686,0.654643185938614,0.418351695878097
13555.0,-0.608309615632606,1.3460575542855853,1.642900692498741
13556.0,1.0876509964592076,-0.5571872395918231,-1.0896756743423273
13557.0,-0.82806789212901,1.3460575542855853,0.8664946868424452
13558.0,-0.9331696765403337,0.07394609082159041,-0.3086136857754172
13559.0,1.488948718756989,-0.5571872395918231,0.0589993500135684
13560.0,-0.9283923227034554,-1.058145946714099,-1.203322575949372
13561.0,0.07007462920411944,1.15560189306089,0.49156932909982554
13562.0,-0.5700907849375793,0.8001660338568091,1.2036665646726155
13563.0,-0.5605360772638225,-0.5571872395918231,-0.11518317887421751
13564.0,-0.27389484705112166,2.579756093947218,2.0890722739229646
13565.0,-0.8710640766609151,-0.20175138038774237,-0.5679169463714543
13566.0,-0.7659622922495916,0.2992073267345332,0.44411891663379693
13567.0,1.0828736426223293,0.07394609082159041,0.12127177885328497
13568.0,-0.13535158578164955,-1.058145946714099,-1.1406861603206424
13569.0,-0.8806187843346719,0.07394609082159041,-0.16407886286324824
13570.0,0.19906318279983484,-1.058145946714099,-0.9631372959084823
13571.0,-0.8997281996821853,2.1575193073054413,1.1573239482118003
13572.0,0.022301090835335952,-1.058145946714099,0.3007554939687858
13573.0,-0.7229661077176863,0.48966298795922886,-0.006113407177505548
13574.0,1.0016586273953973,-1.058145946714099,-0.5861119695791914
13575.0,-0.8519546613134018,0.2992073267345332,-0.1586130143757013
13576.0,-0.9140602611928204,2.245808014503504,1.809634514962076
13577.0,-0.842399953639645,1.15560189306089,0.9677991428135303
13578.0,0.9921039197216407,-1.058145946714099,-1.3103493558824044
13579.0,-0.8901734920084285,0.2992073267345332,0.29557300648641815
13580.0,0.9777718582110057,-1.058145946714099,-1.5360005990136836
13581.0,0.5143685360338058,-0.5571872395918231,-0.8494054674869463
13582.0,0.9013341968209521,-0.5571872395918231,-0.9565937706975147
13583.0,-0.21656660100858147,-0.5571872395918231,0.33175225024216
13584.0,0.5048138283600492,-0.20175138038774237,-0.6202894169329869
13585.0,1.5749410878207992,-0.20175138038774237,-0.2070003864202769
13586.0,1.6227146261895826,-1.058145946714099,-1.4167805564109914
13587.0,-0.6560831540013895,0.07394609082159041,0.4376389074834185
13588.0,-0.8853961381715503,0.9303406571479473,0.7211185404389414
13589.0,-0.8901734920084285,0.48966298795922886,0.14844976403036775
13590.0,-0.909282907355942,1.7233615276208618,1.3983198110181057
13591.0,-0.6513058001645111,0.654643185938614,0.5993361613920384
13592.0,-0.7898490614339833,0.07394609082159041,-0.9381520810936987
13593.0,-0.44587958517874215,1.4312993642702228,1.295312993800412
13594.0,-0.7086340462070513,-0.5571872395918231,-0.38688892758056975
13595.0,1.5080581341045023,-0.20175138038774237,-0.10876794062449989
13596.0,-0.9331696765403337,-0.5571872395918231,-0.22883891236323536
13597.0,0.9491077351897356,-0.5571872395918231,-0.6000248478953931
13598.0,-0.7372981692283215,0.2992073267345332,-0.12976552233286892
13599.0,-0.9570564457247255,2.442335020593583,1.7139025498035165
13600.0,0.5287005975444409,-0.5571872395918231,-0.40730378737423556
13601.0,-0.7468528769020781,0.07394609082159041,0.1732749534727358
13602.0,-0.6513058001645111,0.07394609082159041,0.08417255619089353
13603.0,-0.8376225998027668,-1.058145946714099,-1.2335884565360429
13604.0,2.1864423789412277,-1.058145946714099,-0.17298355008091856
13605.0,0.887002135310317,-0.5571872395918231,-0.40142166299405835
13606.0,-0.8232905382921317,-0.20175138038774237,-0.8591628600016185
13607.0,-0.7707396460864698,-0.5571872395918231,0.11894275469111239
13608.0,1.6227146261895826,-1.058145946714099,-0.9858211401686617
13609.0,1.8711370257072568,-1.058145946714099,-1.2205657955375364
13610.0,-0.9045055535190636,1.4312993642702228,0.6026946733714296
13611.0,-0.5366493080794308,1.0480979277381186,0.9270996580023909
13612.0,2.062231179182391,-1.058145946714099,-0.07834779445757373
13613.0,1.202307488544288,0.2992073267345332,0.09442561222594303
13614.0,-0.8471773074765234,0.48966298795922886,0.677255652776084
13615.0,0.5621420744025893,0.8001660338568091,1.3910491194860464
13616.0,1.751703179785298,-0.5571872395918231,-0.8409429456760675
13617.0,-0.7707396460864698,0.8001660338568091,0.24357512928801675
13618.0,-0.1305742319447712,-1.058145946714099,-1.17895470760711
13619.0,1.641824041537096,-0.5571872395918231,-1.008185978860612
13620.0,1.5606090263101642,-1.058145946714099,-1.5061598184182925
13621.0,-0.40288340064683703,-1.058145946714099,-1.0445152032044522
13622.0,2.3632044709057265,-1.058145946714099,-0.23446078503455972
13623.0,-0.813735830618375,1.0480979277381186,0.7366987699454971
13624.0,0.8917794891471953,-1.058145946714099,-0.4901791883210456
13625.0,1.8902464410547701,-1.058145946714099,-0.7981205172386694
13626.0,0.24683672116861832,-0.5571872395918231,-0.18368981034540302
13627.0,-0.6799699231857812,0.654643185938614,0.6498834125095312
13628.0,2.2676573941681597,-1.058145946714099,-0.7772196557051917
13629.0,-0.8519546613134018,1.7867352234743035,1.937339325631884
13630.0,-0.937947030377212,0.654643185938614,0.5775942229854855
13631.0,-0.48409841587376895,1.15560189306089,0.8755190335302109
13632.0,-0.842399953639645,0.8001660338568091,0.999466419143824
13634.0,-0.8041811229446183,1.5859404542672264,1.2322672992922439
13635.0,-0.6369737386538761,0.07394609082159041,0.8585745361549398
13636.0,-0.7850717075971049,0.2992073267345332,0.02859138380127851
13637.0,-0.7134114000439297,-0.20175138038774237,-0.09078003277331283
13638.0,-0.8853961381715503,-1.058145946714099,-1.443373664744259
13639.0,-0.608309615632606,-0.5571872395918231,0.28068841163190966
13640.0,1.957129394771067,-1.058145946714099,-0.5851334587336754
13641.0,2.1004500098774175,0.2992073267345332,0.07802670367825983
13642.0,0.07007462920411944,0.07394609082159041,-0.47457445569550266
13643.0,-0.813735830618375,1.0480979277381186,0.6206664899434415
13644.0,-0.8853961381715503,0.07394609082159041,0.7622206266354633
13645.0,-0.388551339136202,-1.058145946714099,-0.9262473602657013
13646.0,0.9491077351897356,-0.5571872395918231,-0.740780665590698
13647.0,-0.9140602611928204,0.8001660338568091,0.868732905060691
13648.0,0.9491077351897356,0.8001660338568091,0.4756413626317244
13649.0,0.2659461365161317,0.48966298795922886,0.33605679645272135
13650.0,-0.8806187843346719,1.0480979277381186,0.9249236261226405
13651.0,-0.7946264152708616,-0.20175138038774237,-1.0021095885464226
13652.0,-0.7420755230651997,0.2992073267345332,0.6550531359201381
13653.0,1.3695148728350302,-1.058145946714099,-1.2886349632185314
13654.0,-0.7564075845758348,1.15560189306089,1.3951187878162037
13655.0,-0.4172154621574721,0.48966298795922886,0.6609173105656942
13656.0,-0.17357041647667631,0.07394609082159041,0.12097771920345407
13657.0,-0.909282907355942,-0.5571872395918231,-0.6269654314615755
13658.0,-0.9140602611928204,0.9303406571479473,1.3620512172290635
13659.0,0.022301090835335952,1.2544959545938104,1.2105695596441086
13660.0,0.9491077351897356,-1.058145946714099,-0.785385499350042
13661.0,1.9189105640760402,-1.058145946714099,-0.7430119114401533
13662.0,-0.5509813695900658,1.15560189306089,0.6459243418401804
13663.0,-0.10668746276037945,0.2992073267345332,0.5831583632595202
13665.0,0.8822247814734386,-0.20175138038774237,0.45390396792391047
13666.0,-0.6751925693489029,0.2992073267345332,-1.4133002298892547
13667.0,-0.2500080778667299,-1.058145946714099,-0.8034176249158237
13668.0,-0.9475017380509687,2.5129551665095216,1.9141708593445133
13669.0,-0.718188753880808,-0.20175138038774237,-0.5700902169632595
13670.0,-0.6035322617957277,-1.058145946714099,-0.690825186743354
13671.0,0.9252209660053438,-1.058145946714099,-1.1983993797769013
13672.0,0.47614970533877904,-0.20175138038774237,-0.5590828957446896
13673.0,-0.8710640766609151,-0.5571872395918231,-0.6170487493760805
13674.0,1.106760411806721,-1.058145946714099,-0.9595743247263033
13675.0,-0.2404533701929732,-0.5571872395918231,-0.4526103711915362
13676.0,1.6131599185158259,-0.5571872395918231,-0.9500206025096848
13677.0,0.9729945043741273,-0.5571872395918231,-0.3630773414731181
13678.0,-0.23567601635609486,-1.058145946714099,-0.984119623246635
13679.0,1.3981789958563002,-0.20175138038774237,-0.8475362045865346
13680.0,-0.9570564457247255,1.2544959545938104,1.8234868634979018
13681.0,-0.8758414304977935,0.07394609082159041,-0.06999120536267824
13682.0,-0.06846863206535267,-1.058145946714099,-1.9592874413465708
13683.0,1.2261942577286797,-1.058145946714099,-0.9079436993681202
13684.0,0.40448939778560383,0.07394609082159041,-0.3081774617606754
13685.0,-0.9475017380509687,0.654643185938614,0.8869484985936444
13686.0,-0.08757804741286605,-0.20175138038774237,-0.5779862228046151
13687.0,1.1306471809911127,-1.058145946714099,1.8520614336633139
13688.0,2.0717858868561474,-1.058145946714099,-0.6395847518754891
13689.0,-0.6608605078382679,-0.5571872395918231,0.2326348794610674
13690.0,-0.6799699231857812,-1.058145946714099,-1.1998561502997918
13691.0,0.9299983198422221,-1.058145946714099,-1.0481190537136855
13692.0,-0.842399953639645,0.2992073267345332,0.8857816881175619
13693.0,0.8248965354308985,0.9303406571479473,0.5704715046220689
13694.0,-0.9427243842140904,4.225744299162235,3.874103558093094
13695.0,-0.813735830618375,1.5859404542672264,0.8014100053949258
13696.0,1.0542095196010592,-0.20175138038774237,0.5735418909020848
13697.0,-0.7755169999233482,-1.058145946714099,-1.2928879810489042
13698.0,1.8902464410547701,-0.5571872395918231,-0.5064953541812073
13699.0,-0.2213439548454598,-0.5571872395918231,-0.12769655112688932
13700.0,-0.8376225998027668,1.3460575542855853,0.7546778197354783
13701.0,1.1736433655230178,-1.058145946714099,-1.2483192829934309
13702.0,1.1688660116861396,-1.058145946714099,-1.3736424596303534
13703.0,0.557364720565711,-0.5571872395918231,-0.549475167513052
13704.0,-0.937947030377212,0.9303406571479473,0.6695814384772724
13705.0,-0.923614968866577,0.654643185938614,0.4562309253037859
13706.0,0.48570441301253575,-0.5571872395918231,-0.2655035911924728
13707.0,0.3137196748849152,0.2992073267345332,0.9418122663557248
13708.0,0.33282909023242857,-1.058145946714099,-0.8372022330337584
13709.0,-0.9427243842140904,1.7233615276208618,1.5268716428554634
13710.0,-0.8089584767814967,-0.20175138038774237,-0.41977916049921987
13711.0,0.08440669071475448,0.9303406571479473,0.48709908628823523
13712.0,0.21817259814734824,-0.5571872395918231,-0.12555824191465287
13713.0,0.9873265658847623,-0.20175138038774237,-0.1501065812612012
13714.0,1.259635734586828,-1.058145946714099,-1.2467614569398355
13715.0,0.3806026286012121,1.6565606001831652,1.5802942873020898
13716.0,0.3232743825586719,-1.058145946714099,-1.357394974865658
13717.0,-0.8089584767814967,0.8001660338568091,0.4753468485142418
13718.0,0.21339524431046988,-0.5571872395918231,-0.7855967012872703
13719.0,-0.8901734920084285,1.15560189306089,0.8046191178787904
13720.0,-0.40288340064683703,0.07394609082159041,-0.09473478057638028
13721.0,-0.7898490614339833,-0.5571872395918231,-0.14934793799485546
13722.0,-0.3312230930936618,1.0480979277381186,1.313747052920385
13723.0,0.07485198304099779,0.48966298795922886,0.1941647290167532
13724.0,2.081340594529904,-1.058145946714099,-1.0473428746899216
13725.0,-0.7229661077176863,0.8001660338568091,0.5591732043188062
13726.0,-0.7755169999233482,-0.5571872395918231,0.12151896359682339
13727.0,-0.8232905382921317,0.8001660338568091,0.11782913056319194
13728.0,-0.7850717075971049,1.5859404542672264,0.8230720325874898
13729.0,1.121092473317356,-0.20175138038774237,-0.1658768937307479
13730.0,-0.3121136777461484,-0.5571872395918231,-0.13867570111711264
13731.0,0.08440669071475448,-0.5571872395918231,-0.2893934221612435
13732.0,-0.82806789212901,-1.058145946714099,-0.44519092150877054
13733.0,1.0016586273953973,-0.5571872395918231,-0.4522997000686197
13734.0,1.4698393034094754,0.07394609082159041,1.4381659512926703
13735.0,-0.842399953639645,1.3460575542855853,1.7103427703664082
13736.0,-0.937947030377212,0.654643185938614,0.7966389000762746
13737.0,-0.0063630321859341355,-1.058145946714099,-0.711918770559097
13738.0,0.9299983198422221,-1.058145946714099,-0.5340392093992267
13739.0,-0.8758414304977935,-0.5571872395918231,-0.820087670155147
13740.0,0.18950847512607816,0.2992073267345332,0.39742828630309834
13741.0,-0.6178643233063628,-0.20175138038774237,-0.2241656698317396
13742.0,-0.8806187843346719,1.2544959545938104,0.8842671173534744
13743.0,-0.9475017380509687,0.654643185938614,0.27818200992390285
13744.0,-0.5079851850581607,-0.5571872395918231,0.12209317429616792
13745.0,-0.18790247798731138,-0.5571872395918231,-0.11534081496133149
13746.0,1.0159906889060324,-1.058145946714099,-1.1815903828490948
13747.0,0.8248965354308985,-0.5571872395918231,-1.21013670422578
13748.0,-0.5032078312212823,0.9303406571479473,0.5890679846383902
13750.0,-0.703856692370173,1.15560189306089,0.9907784613895408
13751.0,0.4140441054593605,-1.058145946714099,-0.8101852041639415
13752.0,-0.3694419237886886,0.654643185938614,0.3960870871089657
13753.0,0.4140441054593605,0.07394609082159041,0.5995532006637999
13754.0,-0.23567601635609486,-0.20175138038774237,-0.5139959485239701
13755.0,-0.9427243842140904,0.9303406571479473,0.6041850060919974
13756.0,-0.9522790918878471,2.0119964593872464,1.6234950326519761
13757.0,2.2628800403312814,-1.058145946714099,-1.1087748216401996
13758.0,-0.9045055535190636,1.5110377522649707,1.6270035242379466
13759.0,-0.8041811229446183,-0.5571872395918231,-0.23395782886197602
13760.0,-0.703856692370173,0.2992073267345332,0.2899352898334348
13761.0,-0.7229661077176863,0.48966298795922886,0.5487566844943034
13762.0,0.08440669071475448,0.2992073267345332,0.7192328814759424
13763.0,-0.6608605078382679,-0.20175138038774237,1.258130929718668
13764.0,-0.622641677143241,0.48966298795922886,0.8391791941124572
13765.0,2.1577782559199576,-1.058145946714099,-0.6844297925398796
13766.0,1.4029563496931785,-1.058145946714099,-1.1281289774785932
13767.0,-0.9522790918878471,3.4032016091410844,2.608927599774744
13768.0,2.5113024398489556,-0.5571872395918231,-0.029238357318635503
13769.0,-0.9522790918878471,1.8470162614078611,1.2933172310912053
13770.0,1.0542095196010592,0.07394609082159041,-0.10795052373695328
13771.0,-0.6560831540013895,0.9303406571479473,1.3256116054067046
13772.0,-0.7994037691077399,0.8001660338568091,0.882442168770288
13773.0,0.9347756736791005,-0.5571872395918231,-0.7974521564973144
13774.0,-0.5700907849375793,-1.058145946714099,-0.7005643868224066
13775.0,1.8615823180335,-1.058145946714099,0.10119698774425374
13776.0,1.0828736426223293,-0.5571872395918231,-0.2737603800359391
13777.0,-0.9570564457247255,3.184600854015305,2.8841122951913385
13778.0,-0.4697663543631339,0.07394609082159041,0.15085883058931762
13779.0,1.503280780267624,-1.058145946714099,-1.2477402693482047
13780.0,-0.9283923227034554,-0.20175138038774237,-0.1586130143757013
13781.0,0.23728201349486164,-0.20175138038774237,-0.11397886327128284
13782.0,-0.8997281996821853,1.3460575542855853,0.484607193873734
13783.0,1.3695148728350302,0.07394609082159041,0.37864542879869006
13784.0,-0.9140602611928204,1.4312993642702228,0.836854722350226
13785.0,1.0876509964592076,0.07394609082159041,-0.3746059896157963
13786.0,0.79145505857275,0.48966298795922886,0.8889236056019201
13787.0,-0.5987549079588493,0.48966298795922886,0.21112951005767447
13788.0,1.4507298880619621,-1.058145946714099,-3.795981824551784
13789.0,0.8917794891471953,-1.058145946714099,-0.9632273463773496
13790.0,-0.9427243842140904,-1.058145946714099,-0.692679996027125
13791.0,-0.3503325084411752,-0.5571872395918231,0.3663366475057635
13792.0,-0.6465284463276328,-0.20175138038774237,-0.6235634501774902
13793.0,2.1291141328986876,-1.058145946714099,-1.6185350887770322
13794.0,1.6513787492108527,-1.058145946714099,-1.4238487804994537
13795.0,0.8917794891471953,0.07394609082159041,-0.06265210343244493
13796.0,1.422065765040692,-1.058145946714099,-0.8262688138435473
13797.0,1.1258698271542344,-0.20175138038774237,0.18527366064901715
13798.0,-0.9570564457247255,3.904160316263359,3.1861411517102356
13799.0,-0.40288340064683703,0.9303406571479473,0.809912114839675
13800.0,0.5191458898706842,-0.20175138038774237,0.4402464863788659
13801.0,-0.6417510924907545,-1.058145946714099,-0.7439861002930122
13802.0,-0.29778161623551336,1.7867352234743035,2.4245010480720417
13803.0,0.25639142884237504,-0.20175138038774237,0.27673431941171966
13804.0,-0.813735830618375,0.9303406571479473,0.8965262175517053
13805.0,-0.7134114000439297,-0.5571872395918231,0.00971834429777905
13806.0,-0.6560831540013895,-1.058145946714099,-0.9141430550446841
13807.0,0.79145505857275,-0.20175138038774237,-0.5551835085148012
13808.0,-0.9331696765403337,0.2992073267345332,0.4689195116028578
13809.0,0.4952591206862924,-0.20175138038774237,-0.21211467034199444
13810.0,-0.8232905382921317,-0.20175138038774237,0.3582067349885073
13811.0,-0.08280069357598771,-0.20175138038774237,-0.08169469392763103
13812.0,-0.7611849384127132,-0.20175138038774237,-0.3792561365277691
13813.0,-0.7707396460864698,0.8001660338568091,0.8000388651075132
13814.0,-0.5223172465687957,-0.20175138038774237,0.6535428613738202
13815.0,-0.8567320151502801,0.8001660338568091,1.5176996528207154
13816.0,-0.8471773074765234,-0.5571872395918231,-0.3368555114921629
13817.0,-0.8232905382921317,-0.5571872395918231,-0.625384617342332
13818.0,1.0924283502960859,-1.058145946714099,-1.93835656295573
13819.0,0.48092705917565737,0.48966298795922886,0.767177511983808
13820.0,1.0351001042535457,-0.20175138038774237,-0.24127417687773933
13821.0,-0.2691174932142433,0.48966298795922886,0.29805645760290495
13822.0,-0.9331696765403337,-0.5571872395918231,-0.2645564953686754
13823.0,-0.8710640766609151,0.654643185938614,0.9498266244301128
13824.0,-0.8041811229446183,1.2544959545938104,0.9307728210761366
13825.0,2.009680286976729,-0.5571872395918231,-0.9163620397825429
13826.0,-0.12101952427101449,-1.058145946714099,-1.1313425751223791
13827.0,-0.6847472770226596,-0.20175138038774237,-0.5766495661746488
13828.0,-0.8567320151502801,-1.058145946714099,-1.0593141267533583
13829.0,1.0494321657641807,-1.058145946714099,-1.5752123158789297
13830.0,1.818586133501595,-1.058145946714099,-1.2670515684063177
13831.0,-0.8853961381715503,1.7233615276208618,1.426194262573277
13832.0,-0.8710640766609151,-0.5571872395918231,-0.29022007084193807
13833.0,-0.20223453949794643,-0.5571872395918231,-0.19048077875055108
13834.0,1.7946993643172031,-0.5571872395918231,-0.7453388588724583
13835.0,-0.842399953639645,0.654643185938614,0.13187111308249472
13836.0,0.9443303813528572,-0.5571872395918231,-0.27794188917761303
13837.0,0.050965213856606045,-0.5571872395918231,-0.8860621775323486
13838.0,-0.9331696765403337,1.0480979277381186,0.44474665581214884
13839.0,1.3599601651612734,-1.058145946714099,-1.3487915447004155
13840.0,1.0255453965797892,-1.058145946714099,-0.242766302955562
13841.0,0.24683672116861832,-1.058145946714099,-1.7054171512625167
13842.0,-0.6799699231857812,1.7233615276208618,1.2720901780179363
13843.0,0.8583380122890469,-1.058145946714099,-0.75526229967064
13844.0,-0.909282907355942,-1.058145946714099,-0.6666985416182951
13845.0,-0.6513058001645111,-1.058145946714099,-0.7706608829141293
13846.0,-0.842399953639645,0.07394609082159041,0.2597717571834745
13847.0,2.477860962990807,-1.058145946714099,-0.7758753367266668
13848.0,-0.5223172465687957,0.8001660338568091,0.8623755675364775
13849.0,-0.7134114000439297,0.2992073267345332,0.9636551795227033
13850.0,-0.34555515460429687,-1.058145946714099,0.40319796001759367
13851.0,-0.5032078312212823,0.8001660338568091,1.168247431120947
13852.0,1.957129394771067,-1.058145946714099,-1.1395355284897086
13853.0,-0.689524630859538,-1.058145946714099,0.12848538075444108
13854.0,-0.9188376150296986,2.6431297898006605,1.8559221224932523
13855.0,1.4316204727144486,0.07394609082159041,0.2611767759660043
13856.0,-0.15446100112916294,1.15560189306089,0.162021300040719
13857.0,0.9156662583315871,0.48966298795922886,0.06697464786213504
13858.0,-0.689524630859538,-1.058145946714099,-1.036762503551252
13859.0,0.5955835512607377,-0.5571872395918231,-0.41087017368825823
13860.0,-0.9570564457247255,0.2992073267345332,0.22480447494837863
13861.0,1.0876509964592076,-0.5571872395918231,-0.8682902986090447
13862.0,-0.8758414304977935,0.9303406571479473,0.7432292583043255
13863.0,0.22294995198422657,0.07394609082159041,0.2211190721513678
13864.0,0.887002135310317,-1.058145946714099,-0.23069712827521896
13865.0,-0.6847472770226596,0.07394609082159041,-0.43112255185102494
13866.0,-0.608309615632606,-1.058145946714099,-1.3200772029902723
13867.0,-0.813735830618375,-0.20175138038774237,0.0699078370586966
13868.0,-0.9283923227034554,-0.5571872395918231,0.9036631849780066
13869.0,-0.37421927762556695,1.0480979277381186,1.5663353643363858
13870.0,-0.9522790918878471,1.5110377522649707,1.3234996520955997
13871.0,-0.8519546613134018,1.6565606001831652,1.556245312837777
13872.0,1.5558316724732857,-0.20175138038774237,0.005784999463813676
13873.0,-0.388551339136202,0.8001660338568091,0.0937803688541564
13874.0,0.7484588740408449,0.654643185938614,0.5837360157233442
13875.0,-0.703856692370173,1.4312993642702228,1.2001062130440114
13876.0,-0.6560831540013895,-1.058145946714099,-1.4430234603794572
13877.0,-0.5509813695900658,-0.20175138038774237,-0.5097712823101404
13878.0,-0.6990793385332946,0.07394609082159041,0.7028280987234677
13879.0,2.1243367790618093,-1.058145946714099,-0.6022243025236959
13880.0,-0.8615093689871585,1.6565606001831652,1.1175332965635785
13881.0,-0.9427243842140904,2.7608870603908318,2.816169851771904
13882.0,-0.9475017380509687,0.2992073267345332,0.19238072320767502
13883.0,-0.909282907355942,1.5110377522649707,1.4233920523947132
13884.0,-0.9283923227034554,1.0480979277381186,0.500170711246458
13885.0,-0.05891392439159597,-0.5571872395918231,-0.42363527850308563
13886.0,-0.622641677143241,-1.058145946714099,-0.9510234304677023
13887.0,0.012746383161579257,-1.058145946714099,-0.6911339908332365
13888.0,-0.388551339136202,0.654643185938614,0.5667935079722961
13889.0,-0.5175398927319174,0.48966298795922886,0.5630495741312439
13890.0,-0.9570564457247255,1.4312993642702228,0.8410945302681998
13891.0,0.8440059507784119,-0.20175138038774237,-0.04316695265343815
13892.0,-0.8328452459658884,0.48966298795922886,0.23728698090859454
13893.0,0.461817643828144,-1.058145946714099,-0.07587630015759728
13894.0,-0.8471773074765234,-0.20175138038774237,-0.3457969295696533
13895.0,-0.82806789212901,0.48966298795922886,1.0679093734444218
13896.0,2.028789702324242,-1.058145946714099,-0.6149890022246739
13897.0,-0.7229661077176863,-0.20175138038774237,0.17372867829261124
13898.0,0.5955835512607377,-0.5571872395918231,-0.20504457803432924
13899.0,-0.8853961381715503,-0.5571872395918231,-0.6150445938569622
13900.0,-0.08757804741286605,0.48966298795922886,0.409997640286786
13901.0,-0.6178643233063628,1.5110377522649707,1.3189698326949435
13902.0,2.057453825345512,0.2992073267345332,2.6129971934186784
13903.0,0.9491077351897356,-1.058145946714099,-1.2287586919939073
13904.0,-0.7850717075971049,-0.5571872395918231,-0.726821808412853
13905.0,2.5399665628702257,-1.058145946714099,-0.7714199408723251
13906.0,0.9921039197216407,-1.058145946714099,-2.205751268060516
13907.0,2.3440950555582134,-1.058145946714099,-1.3651062343769977
13908.0,-0.5796454926113359,0.07394609082159041,0.6885521876414387
13909.0,1.0589868734379375,-0.5571872395918231,-0.8434814731705246
13911.0,-0.689524630859538,1.8470162614078611,1.107570683196968
13912.0,1.0637642272748158,-1.058145946714099,-1.43001196058545
13913.0,1.460284595735719,-1.058145946714099,-2.2020676019635226
13914.0,-0.9045055535190636,-0.5571872395918231,-0.2709132407981677
13915.0,0.9204436121684655,-1.058145946714099,-1.8356805473948745
13916.0,1.2548583807499498,0.07394609082159041,0.2419149454395404
13917.0,-0.7229661077176863,-0.5571872395918231,-0.8715084002297869
13918.0,-0.7229661077176863,-0.5571872395918231,0.20540777246289238
13919.0,-0.6799699231857812,0.07394609082159041,0.28836789033165955
13920.0,1.1019830579698426,0.07394609082159041,0.47998780612740594
13921.0,0.9586624428634922,0.07394609082159041,-0.1599632697340403
13922.0,0.7197947510195748,-0.20175138038774237,-0.03815797292157108
13923.0,-0.703856692370173,-1.058145946714099,-0.6878878685310723
13924.0,-0.9522790918878471,0.48966298795922886,0.5056131870653477
13925.0,-0.5175398927319174,0.07394609082159041,-0.21365392287745624
13926.0,-0.8519546613134018,-1.058145946714099,-1.0116767206333954
13927.0,-0.6035322617957277,-0.5571872395918231,-0.18244712034695917
13928.0,-0.909282907355942,0.07394609082159041,-0.4863082791850323
13929.0,-0.15446100112916294,1.15560189306089,0.9687952858948792
13930.0,-0.6847472770226596,-0.5571872395918231,-0.7167243227617951
13931.0,-0.5032078312212823,1.15560189306089,1.2636345103574635
13932.0,0.44748558231750896,-1.058145946714099,-0.7836044762488639
13933.0,-0.4411022313418638,-0.5571872395918231,-0.29152100592554214
13934.0,0.29938761337428016,-1.058145946714099,0.00776608057434999
13935.0,1.8902464410547701,-0.20175138038774237,1.3729189085465827
13936.0,-0.10191010892350111,-0.20175138038774237,0.0213683705337875
13937.0,-0.15446100112916294,-0.5571872395918231,-0.02582237810431704
13938.0,-0.7946264152708616,-1.058145946714099,-1.8270860472437898
13939.0,-0.8519546613134018,0.654643185938614,0.387418937295617
13940.0,-0.8806187843346719,0.07394609082159041,-0.060207905275546654
13941.0,-0.8567320151502801,1.5110377522649707,1.7296304410446113
13942.0,1.5940505031683125,-1.058145946714099,-0.7546999080963459
13943.0,1.7994767181540816,-1.058145946714099,-0.9422809864490052
13944.0,2.1577782559199576,-1.058145946714099,-1.0910718980840182
13945.0,0.9252209660053438,-0.5571872395918231,-0.047425496763508754
13946.0,-0.5844228464482143,0.48966298795922886,0.5201315176647082
13947.0,-0.6513058001645111,-1.058145946714099,-1.6598812737254172
13948.0,0.7627909355514799,0.07394609082159041,-0.36632623494649885
13949.0,-0.9475017380509687,0.48966298795922886,0.7059321573474214
13950.0,-0.909282907355942,0.07394609082159041,-0.14593420059255405
13951.0,-0.12101952427101449,-0.20175138038774237,-0.2177034681357539
13952.0,0.07962933687787613,1.4312993642702228,1.9071715730976448
13953.0,-0.9283923227034554,1.2544959545938104,1.432211990107373
13954.0,-0.9522790918878471,-0.5571872395918231,-0.5255750907858957
13955.0,-0.22612130868233815,-0.20175138038774237,-0.37251057643054336
13956.0,-0.937947030377212,0.2992073267345332,0.08001039542447556
13957.0,1.0351001042535457,-0.20175138038774237,-0.49617405580593354
13958.0,0.8535606584521686,0.8001660338568091,1.1841709982508495
13959.0,-0.5844228464482143,0.48966298795922886,0.11150399511279378
13960.0,-0.8615093689871585,-0.5571872395918231,-0.9915116000992802
13961.0,0.9108889044947087,-1.058145946714099,-0.38005861526421963
13962.0,-0.8567320151502801,-0.20175138038774237,-0.6643534530549137
13963.0,0.5095911821969275,1.6565606001831652,0.8244354666450013
13964.0,0.887002135310317,-0.5571872395918231,-0.5272468658799744
13965.0,1.3169639806293683,-0.20175138038774237,0.06379798915498602
13966.0,1.1163151194804777,-1.058145946714099,-0.6229823952124763
13967.0,-0.26434013937736495,-0.5571872395918231,-1.2250819492625473
13968.0,1.0589868734379375,-1.058145946714099,-1.437443175161959
13969.0,-0.9283923227034554,2.5129551665095216,1.9155619524975618
13970.0,0.8822247814734386,-0.5571872395918231,-0.05386931071206829
13971.0,-0.8710640766609151,1.4312993642702228,1.1777583192738146
13972.0,-0.622641677143241,-0.5571872395918231,-1.1285063060544056
13973.0,0.40926675162248216,-1.058145946714099,-0.8911785815887271
13974.0,-0.7277434615545647,-0.5571872395918231,-0.21421736637097077
13975.0,-0.813735830618375,1.2544959545938104,1.2634999710346249
13976.0,0.0270784446722143,0.07394609082159041,0.19312509893263283
13977.0,1.0016586273953973,-1.058145946714099,-0.4053747069393127
13978.0,-0.8901734920084285,-0.5571872395918231,-1.1042352284414776
13979.0,-0.6130869694694844,0.654643185938614,0.9448224834711274
13980.0,-0.6751925693489029,0.2992073267345332,-0.12330434229537042
13981.0,1.0255453965797892,-1.058145946714099,-0.7300743727904084
13982.0,-0.7755169999233482,0.9303406571479473,1.0580797801808017
13983.0,-0.8185131844552533,1.9044924940644754,1.4444121680049946
13984.0,-0.8328452459658884,1.2544959545938104,0.5268560860810646
13985.0,-0.9427243842140904,1.9594133665673954,1.729175383308931
13986.0,-0.8806187843346719,-1.058145946714099,-0.7536662510614396
13987.0,0.8535606584521686,-0.5571872395918231,-0.2091093356783583
13988.0,-0.8662867228240368,0.8001660338568091,1.191576100711623
13989.0,-0.6465284463276328,0.2992073267345332,0.5755602178262534
13990.0,0.055742567693484395,-1.058145946714099,-0.7745335167239984
13991.0,-0.9045055535190636,0.48966298795922886,-0.04849829676829477
13992.0,-0.8185131844552533,-0.20175138038774237,-1.0257782515695502
13993.0,-0.7564075845758348,1.7867352234743035,1.4467401017914912
13994.0,-0.9427243842140904,0.48966298795922886,0.6588991361511484
13995.0,-0.8901734920084285,1.4312993642702228,1.0484752077936992
13996.0,0.8822247814734386,-0.5571872395918231,-0.013130381948607826
13997.0,1.517612841778259,-0.20175138038774237,-0.6377465728166258
13998.0,1.1736433655230178,-0.20175138038774237,-0.343147356372525
13999.0,-0.9140602611928204,2.2876939305965793,1.690821829529786
14000.0,0.046187860019727696,0.2992073267345332,0.582745974819803
14001.0,-0.7420755230651997,0.9303406571479473,1.1065236437517325
14002.0,-0.3216683854199051,-0.5571872395918231,-0.39175513648259147
14003.0,2.5399665628702257,-1.058145946714099,-1.0595885214533953
14004.0,-0.7564075845758348,1.15560189306089,1.3894272603069895
14005.0,-0.9140602611928204,0.2992073267345332,0.8279960009143874
14006.0,-0.4076607544837154,0.654643185938614,0.6338921593313463
14007.0,1.488948718756989,-1.058145946714099,-1.7533023056989352
14008.0,1.1019830579698426,-1.058145946714099,-0.4204581567544379
14009.0,-0.015917739859690833,-0.20175138038774237,0.13491983379425365
14010.0,1.737371118274663,-0.5571872395918231,-0.5170634461917346
14011.0,1.3312960421400033,-0.5571872395918231,-0.496850228055994
14012.0,0.36627056709057704,-1.058145946714099,-0.735177820779332
14013.0,-0.4363248775049855,0.2992073267345332,0.12479118229520901
14014.0,-0.593977554121971,-0.20175138038774237,0.5472917087638189
14015.0,-0.7086340462070513,-1.058145946714099,0.004034309453394044
14016.0,-0.18790247798731138,1.15560189306089,1.8224584377089328
14017.0,1.766035241295933,-1.058145946714099,-0.992980353503724
14018.0,2.119559425224931,-1.058145946714099,-0.6557736443065413
14019.0,-0.7372981692283215,-0.20175138038774237,0.31996524341276533
14020.0,-0.8806187843346719,0.07394609082159041,0.2266026102905102
14021.0,-0.2213439548454598,0.654643185938614,0.45597461243675896
14022.0,0.11307081373602457,-0.5571872395918231,-0.10175366089174384
14023.0,-0.9283923227034554,-0.5571872395918231,-0.3213925773403065
14024.0,-0.3789966314624453,-0.20175138038774237,-0.2490559731952195
14025.0,1.259635734586828,0.8001660338568091,1.0767449046077853
14026.0,1.2882998576080982,-0.5571872395918231,-0.17752796810677032
14027.0,-0.6704152155120245,-1.058145946714099,-1.5557153032957092
14028.0,1.6657108107214877,-0.20175138038774237,1.7557363181844663
14029.0,-0.6608605078382679,-0.5571872395918231,-0.481533306340405
14030.0,-0.8758414304977935,1.8470162614078611,1.5221327985751734
14031.0,-0.9283923227034554,2.7886526377188545,2.7103717862724017
14032.0,-0.9522790918878471,1.5859404542672264,1.158777829457115
14033.0,1.6895975799058796,-1.058145946714099,-1.5248694697476517
14034.0,-0.8567320151502801,-0.20175138038774237,-0.24554877753755264
14035.0,-0.8232905382921317,0.9303406571479473,0.8076384798021314
14036.0,0.39971204394872545,-1.058145946714099,-0.2706831939317181
14037.0,-0.12101952427101449,0.48966298795922886,-0.06209196108896851
14038.0,-0.5892002002850927,0.2992073267345332,0.8753921143118347
14039.0,-0.8041811229446183,-0.5571872395918231,-0.8842032839046665
14040.0,-0.7659622922495916,2.5129551665095216,1.8901020624678464
14041.0,0.30894232104803687,-1.058145946714099,-1.3413530885470313
14042.0,2.5017477321751986,-1.058145946714099,-0.538692116383263
14043.0,1.3838469343456652,-0.5571872395918231,-0.7949275248873834
14044.0,-0.8328452459658884,1.0480979277381186,0.8772279177704414
14045.0,-0.4411022313418638,1.5859404542672264,1.7955847032886831
14046.0,0.3949346901118471,-1.058145946714099,-1.2756076395319287
14047.0,-0.9188376150296986,1.4312993642702228,1.0605974962178635
14048.0,0.4952591206862924,-0.20175138038774237,-0.14243061188135037
14049.0,-0.8806187843346719,1.3460575542855853,1.9183350134715536
14050.0,-0.8089584767814967,-0.5571872395918231,-0.14467751640346224
14051.0,-0.9570564457247255,2.579756093947218,2.289210530977189
14052.0,-0.8662867228240368,-0.5571872395918231,-0.483075150631979
14053.0,-0.3694419237886886,0.07394609082159041,-0.33606185605311834
14054.0,-0.6513058001645111,-1.058145946714099,-1.6453708644172749
14055.0,-0.45543429285249887,-0.20175138038774237,0.36869289947527506
14056.0,-0.9570564457247255,2.0119964593872464,1.5802650737378354
14057.0,-0.8471773074765234,1.9594133665673954,1.597234002785462
14058.0,1.2500810269130715,-0.5571872395918231,-0.4791806404453441
14059.0,0.3137196748849152,-1.058145946714099,-1.154051962531655
14060.0,-0.937947030377212,2.3282062876889484,1.6434199920200379
14061.0,1.460284595735719,-0.20175138038774237,0.004105047389521718
14062.0,-0.9140602611928204,2.062432694683636,2.4057476805966385
14063.0,1.1306471809911127,0.9303406571479473,2.3196965493378734
14064.0,-0.8232905382921317,1.5110377522649707,0.9188053439681362
14065.0,0.8965568429840737,-0.20175138038774237,-0.01695587202667627
14066.0,0.3137196748849152,-1.058145946714099,-1.286987755708721
14067.0,-0.6560831540013895,-0.5571872395918231,-0.6411201516548106
14068.0,0.5669194282394676,0.07394609082159041,0.36667916166528913
14069.0,1.4985034264307455,-0.5571872395918231,-1.0054118541530832
14070.0,2.3106535787000646,-1.058145946714099,-0.751110940856406
14071.0,-0.9427243842140904,0.8001660338568091,0.32801822791078855
14072.0,2.2246612096362544,-1.058145946714099,-0.6107396734365721
14073.0,-0.8089584767814967,-1.058145946714099,-1.2941213104070026
14074.0,2.0144576408136072,-1.058145946714099,-1.0261056861630946
14075.0,-0.937947030377212,0.48966298795922886,0.4636205235649182
14076.0,-0.34555515460429687,-1.058145946714099,-1.4669314113345686
14077.0,-0.7659622922495916,0.48966298795922886,-0.2841134542117981
14078.0,-0.4745437082000123,0.9303406571479473,0.383949253245228
14079.0,-0.36466456995181024,-0.5571872395918231,-0.27984955358746083
14080.0,-0.8041811229446183,0.2992073267345332,0.14518633380750134
14081.0,0.48092705917565737,1.0480979277381186,1.2080372242514243
14082.0,0.7819003508989933,-0.5571872395918231,-0.5704211277176947
14083.0,-0.9427243842140904,1.15560189306089,0.12320690831701157
14084.0,1.4841713649201105,-1.058145946714099,-1.296689593781317
14085.0,-0.9522790918878471,2.442335020593583,1.7072236135699872
14086.0,1.2500810269130715,-1.058145946714099,-2.241011418317326
14087.0,-0.9475017380509687,-0.20175138038774237,-0.06856433759194894
14088.0,-0.9140602611928204,1.5859404542672264,3.0679561321635176
14089.0,-0.689524630859538,-1.058145946714099,-1.2584149657315495
14090.0,0.5908061974238594,-1.058145946714099,-1.7822159476606583
14091.0,2.162555609756836,-0.5571872395918231,1.6929318383196754
14092.0,-0.923614968866577,2.062432694683636,1.4935215438768898
14093.0,-0.9045055535190636,-1.058145946714099,-0.5355647157677303
14094.0,1.1402018886648695,-1.058145946714099,-0.7734480064547169
14095.0,2.492193024501442,-1.058145946714099,-3.9291081547090094
14096.0,-0.9427243842140904,1.6565606001831652,3.0805600729702944
14097.0,1.3360733959768818,-0.5571872395918231,-0.554058658802125
14098.0,-0.7850717075971049,-1.058145946714099,-1.3118561552593597
14099.0,-0.8853961381715503,1.8470162614078611,1.3283891022496324
14100.0,-0.30255897007239174,-1.058145946714099,-1.1221183922493831
14101.0,-0.608309615632606,1.3460575542855853,1.724918392005303
14102.0,-0.937947030377212,0.2992073267345332,0.13882358633530772
14104.0,-0.2213439548454598,0.2992073267345332,-0.14741602939587098
14105.0,0.17995376745232144,0.2992073267345332,1.3576456172274634
14106.0,2.559075978217739,-1.058145946714099,-1.0413305326646876
14107.0,-0.7134114000439297,1.15560189306089,1.2094783851257775
14108.0,-0.813735830618375,0.07394609082159041,0.09796072694008567
14109.0,-0.6130869694694844,-1.058145946714099,-1.327348237418234
14110.0,-0.9427243842140904,2.442335020593583,1.9163676487641357
14111.0,-0.8949508458453069,0.07394609082159041,-0.19830309831167414
14112.0,-0.8519546613134018,1.3460575542855853,1.338814775902128
14113.0,-0.9427243842140904,1.5859404542672264,1.4797296216850995
14114.0,0.3471611517430636,0.654643185938614,0.2901732791584111
14115.0,1.436397826551327,-0.5571872395918231,-0.2752749710842618
14116.0,-0.8662867228240368,0.2992073267345332,0.2999682302176182
14117.0,-0.27389484705112166,-1.058145946714099,-1.6646249680099339
14118.0,1.0876509964592076,-1.058145946714099,-0.4958597727709951
14119.0,0.8344512431046551,-0.5571872395918231,-1.1549518775263432
14121.0,-0.9427243842140904,0.07394609082159041,0.8038590555725602
14122.0,0.9777718582110057,-0.20175138038774237,-0.6651078196939506
14123.0,2.5399665628702257,-1.058145946714099,-0.5317239550116005
14124.0,-0.5605360772638225,-1.058145946714099,-0.5596661923817571
14125.0,-0.909282907355942,-0.20175138038774237,0.788243323032186
14126.0,-0.923614968866577,0.07394609082159041,0.1809866629481248
14127.0,-0.37421927762556695,0.48966298795922886,0.5292445144318972
14128.0,-0.6704152155120245,-0.20175138038774237,0.009414138541042309
14129.0,-0.9522790918878471,0.9303406571479473,0.7531118624206915
14130.0,0.5621420744025893,0.07394609082159041,0.5133864089492641
14131.0,2.138668840572444,-1.058145946714099,-1.216845126650328
14132.0,-0.9522790918878471,1.15560189306089,0.9875358393181305
14133.0,-0.34077780076741854,0.07394609082159041,-0.0008555121439603929
14134.0,0.8678927199628036,1.5110377522649707,1.8045110675142981
14135.0,-0.9522790918878471,2.062432694683636,1.6386535968909475
14136.0,0.9538850890266138,0.2992073267345332,0.39195663117446267
14137.0,2.3632044709057265,-1.058145946714099,-0.7266920101898716
14138.0,-0.9522790918878471,-0.5571872395918231,0.04121336762861057
14139.0,-0.7420755230651997,0.07394609082159041,0.12627245834057757
14140.0,-0.9427243842140904,-0.5571872395918231,0.017822121071319582
14141.0,-0.9475017380509687,0.07394609082159041,0.0022951214860462937
14142.0,0.8201191815940201,-0.5571872395918231,-0.22103469018365648
14143.0,-0.3216683854199051,-1.058145946714099,-1.4844537400446347
14144.0,1.3599601651612734,-1.058145946714099,-2.4281058043150106
14145.0,-0.7372981692283215,0.654643185938614,1.5296022810465713
14146.0,-0.9188376150296986,1.2544959545938104,1.6868643272379338
14147.0,-0.5892002002850927,0.9303406571479473,0.7527943629129297
14148.0,0.15606699826792972,-0.5571872395918231,-0.48364646877114487
14149.0,0.09396139838851118,-1.058145946714099,-0.5146890313110591
14150.0,-0.7898490614339833,-0.5571872395918231,-0.23479993153360093
14151.0,2.2533253326575244,-0.5571872395918231,-0.2123798246443154
14152.0,-0.6035322617957277,0.654643185938614,0.565259976149687
14153.0,1.3456281036506383,-1.058145946714099,-0.9816518275127268
14154.0,0.17995376745232144,0.8001660338568091,1.4123815260405588
14155.0,0.30894232104803687,-1.058145946714099,-1.4664490258523488
14156.0,-0.9140602611928204,4.332533059721831,4.2143153065377925
14157.0,-0.8662867228240368,0.2992073267345332,0.050713945577241105
14158.0,-0.7707396460864698,-1.058145946714099,-0.42241383632071877
14159.0,-0.8662867228240368,1.8470162614078611,1.5539490086524557
14160.0,1.9523520409341886,0.654643185938614,1.603674075315233
14161.0,0.07007462920411944,0.654643185938614,0.8580378053060728
14162.0,-0.1305742319447712,-0.5571872395918231,-0.8271135530260794
14163.0,-0.5462040157531874,0.2992073267345332,0.754024591599976
14164.0,-0.622641677143241,-0.5571872395918231,0.41942234472279555
14165.0,0.3567158594168203,-1.058145946714099,-1.4563332507133133
14166.0,1.4507298880619621,-0.5571872395918231,-0.9289618140202826
14167.0,-0.7755169999233482,0.8001660338568091,0.24105511937915688
14168.0,1.0494321657641807,-0.5571872395918231,-0.6493321804892674
14169.0,1.0972057041329644,-0.5571872395918231,-0.2766187938366498
14170.0,0.8296738892677769,-0.20175138038774237,-0.3387360493886887
14171.0,-0.49365312354752566,-0.5571872395918231,-0.43511212224253093
14172.0,1.928465271749797,-0.20175138038774237,-0.6521164267432806
14173.0,-0.909282907355942,0.48966298795922886,-0.3190153604694676
14174.0,-0.8041811229446183,-1.058145946714099,-1.3774689836507001
14175.0,-0.6751925693489029,0.8001660338568091,1.537049776470871
14176.0,0.45704028999126567,0.2992073267345332,-0.1349878685756295
14177.0,-0.5509813695900658,1.3460575542855853,0.6381559889896952
14178.0,-0.9188376150296986,0.654643185938614,0.40535595148314857
14179.0,-0.7659622922495916,-0.5571872395918231,-0.18928799471163635
14180.0,-0.909282907355942,2.442335020593583,1.3729873372436676
14181.0,1.0016586273953973,-0.5571872395918231,-0.7813843593335531
14182.0,1.1593113040123828,0.07394609082159041,-0.2131015375058714
14183.0,1.0016586273953973,-0.5571872395918231,-0.8550424769415109
14184.0,-0.6417510924907545,-1.058145946714099,-0.504648223665967
14185.0,0.6194703204451295,-1.058145946714099,-1.1011034839858918
14186.0,1.0780962887854508,0.2992073267345332,0.38262927224610604
14187.0,1.3026319191187332,-1.058145946714099,-1.4383702320228502
14188.0,-0.813735830618375,0.48966298795922886,0.585568058012642
14189.0,-0.9522790918878471,1.5859404542672264,1.2966072212109805
14190.0,2.219883855799376,-1.058145946714099,-1.749545097927177
14191.0,-0.9522790918878471,1.5110377522649707,1.2005992194616442
14192.0,0.8917794891471953,-1.058145946714099,-0.8163062637265612
14193.0,-0.6369737386538761,-0.20175138038774237,0.20383018450191778
14194.0,-0.937947030377212,2.5468070428147276,2.1783225669945123
14195.0,0.0031916754878225607,0.48966298795922886,0.7598355764501029
14196.0,-0.45065693901562054,-1.058145946714099,-0.720617672387773
14197.0,1.0016586273953973,-1.058145946714099,-0.6122148652625062
14198.0,-0.8758414304977935,0.9303406571479473,0.3914604873266765
14199.0,0.07962933687787613,0.07394609082159041,0.12951664155021173
14200.0,1.9857935177923371,-1.058145946714099,-0.632525704388186
14201.0,-0.6751925693489029,1.0480979277381186,0.19383849475093337
14202.0,0.8583380122890469,-0.20175138038774237,-0.05283952971385854
14203.0,0.9347756736791005,-1.058145946714099,-0.7124699959001974
14204.0,-0.9522790918878471,0.07394609082159041,0.08393335341415124
14205.0,-0.8806187843346719,0.9303406571479473,0.7020216018641873
14206.0,0.17995376745232144,-0.20175138038774237,0.18866554530186427
14207.0,2.3249856402107,-1.058145946714099,-1.2627203501585402
14208.0,-0.5079851850581607,-0.5571872395918231,-0.3427024691170912
14209.0,-0.909282907355942,1.5110377522649707,1.226437378252364
14210.0,-0.45543429285249887,1.5859404542672264,1.3035790907359501
14211.0,-0.7086340462070513,1.7233615276208618,1.1355306943119343
14212.0,-0.5318719542425524,-0.5571872395918231,0.631744173688853
14213.0,0.9729945043741273,-1.058145946714099,0.19302831299133869
14214.0,-0.813735830618375,0.2992073267345332,0.06939826047924005
14215.0,-0.9045055535190636,0.9303406571479473,0.9166085656294284
14216.0,-0.9475017380509687,0.2992073267345332,0.6184116136245408
14217.0,-0.9522790918878471,2.0119964593872464,0.9272440562929134
14218.0,-0.7564075845758348,-1.058145946714099,-1.2114903465335753
14219.0,-0.9427243842140904,-0.20175138038774237,-0.2624727002349274
14220.0,0.21817259814734824,0.07394609082159041,0.36586066361176595
14221.0,-0.7611849384127132,1.6565606001831652,1.4186977604952586
14222.0,-0.11624217043413615,-1.058145946714099,-0.2084443516567596
14223.0,-0.5223172465687957,-0.20175138038774237,0.05982195617529315
14224.0,-0.4363248775049855,0.9303406571479473,0.5067343815200014
14225.0,1.1163151194804777,0.07394609082159041,0.5773420616584662
14226.0,-0.8232905382921317,0.48966298795922886,0.8551910424997933
14227.0,-0.8376225998027668,1.5110377522649707,1.4020315741883513
14228.0,1.1306471809911127,-0.20175138038774237,-0.1455086163469617
14229.0,-0.7134114000439297,0.654643185938614,0.7538632783410779
14230.0,1.121092473317356,-0.20175138038774237,0.05153132376851789
14231.0,-0.08280069357598771,0.07394609082159041,0.21882872267357723
14232.0,-0.7564075845758348,0.2992073267345332,0.5833556624214685
14233.0,-0.7277434615545647,0.654643185938614,0.8353754459406134
14234.0,-0.8567320151502801,0.07394609082159041,-0.13722124795703478
14235.0,-0.6035322617957277,0.9303406571479473,1.1855121969224727
14236.0,-0.5748681387744575,0.2992073267345332,0.3848170795794567
14237.0,0.8201191815940201,-0.5571872395918231,-0.476193216443393
14238.0,0.5955835512607377,-0.20175138038774237,-0.5349508092769935
14239.0,-0.7564075845758348,1.9044924940644754,1.1123567651567203
14240.0,-0.8185131844552533,-0.20175138038774237,0.22572433848744577
14241.0,-0.08280069357598771,-0.5571872395918231,-0.724532135600821
14242.0,0.16084435210480805,-0.5571872395918231,-0.8493541902581767
14243.0,-0.9188376150296986,1.6565606001831652,1.4923525646157305
14244.0,2.1959970866149843,-1.058145946714099,-0.6572063719703459
14245.0,0.08918404455163283,-0.5571872395918231,0.4461879615415749
14246.0,-0.4315475236681071,-0.20175138038774237,0.34609941013244516
14247.0,0.36627056709057704,0.2992073267345332,-0.13775675821885366
14248.0,0.557364720565711,-0.20175138038774237,0.08962453043458148
14249.0,1.0016586273953973,1.2544959545938104,1.2830130914745226
14250.0,-0.9283923227034554,-0.20175138038774237,0.5307503297083805
14251.0,-0.9522790918878471,0.2992073267345332,0.8292449410720832
14252.0,0.8583380122890469,-1.058145946714099,-0.6881749109051123
14253.0,1.393401642019422,-0.5571872395918231,-0.6631639506449603
14254.0,1.106760411806721,-1.058145946714099,-0.3007657351203663
14255.0,1.6466013953739744,-1.058145946714099,0.06670085094058865
14256.0,0.28027819802676673,0.2992073267345332,0.7158133306874506
14257.0,-0.6560831540013895,0.9303406571479473,1.3534905755002822
14258.0,-0.9188376150296986,2.110890520920167,2.5683754886029138
14259.0,-0.2834495547248783,-1.058145946714099,-1.4589533245485713
14260.0,1.2882998576080982,-0.20175138038774237,-0.07308954686790782
14261.0,-0.718188753880808,-0.5571872395918231,0.1754229616629159
14262.0,-0.923614968866577,0.8001660338568091,0.7605607382195936
14263.0,1.0589868734379375,-1.058145946714099,-0.7481411338729054
14264.0,-0.2213439548454598,0.48966298795922886,0.3669834823144567
14265.0,-0.4411022313418638,0.07394609082159041,0.2950532305956968
14266.0,1.0828736426223293,-1.058145946714099,-2.2303381896822536
14267.0,-0.18312512415043303,-0.20175138038774237,0.36645083695165004
14268.0,1.2882998576080982,-1.058145946714099,-0.6803022569753888
14269.0,1.135424534827991,-1.058145946714099,-0.8114490563522953
14270.0,0.6242476742820079,-1.058145946714099,-0.44403483497000407
14271.0,0.11784816757290292,-0.5571872395918231,-1.0434073558544603
14272.0,-0.608309615632606,0.07394609082159041,0.006756643506872583
14273.0,-0.718188753880808,0.07394609082159041,-0.3517556660474213
14274.0,2.3154309325369433,-1.058145946714099,-0.9135263223154101
14275.0,0.9299983198422221,0.48966298795922886,0.19132032729069257
14276.0,-0.48887576971064733,0.654643185938614,0.6023413389844502
14277.0,-0.8901734920084285,0.9303406571479473,2.1190065481225115
14278.0,0.996881273558519,-1.058145946714099,-1.0719757000716867
14279.0,1.5271675494520156,-0.5571872395918231,-1.1224551624761618
14280.0,-0.020695093696569182,-1.058145946714099,-1.3797105263808054
14281.0,0.9873265658847623,-1.058145946714099,-0.9463456655978276
14282.0,-0.9475017380509687,2.110890520920167,1.4956458327517197
14283.0,1.2500810269130715,0.07394609082159041,-0.2686275324180189
14284.0,-0.813735830618375,-0.20175138038774237,0.25526832994363463
14285.0,-0.8615093689871585,0.8001660338568091,0.9241375035320049
14286.0,-0.8471773074765234,0.654643185938614,1.6086524860926348
14287.0,-0.923614968866577,-0.20175138038774237,-1.1818341618278023
14288.0,0.055742567693484395,-1.058145946714099,-0.5477174099453302
14289.0,-0.9188376150296986,0.48966298795922886,-0.0007605553954227878
14290.0,-0.909282907355942,0.8001660338568091,1.1540239935550218
14291.0,-0.9522790918878471,2.0119964593872464,1.5579136812324879
14292.0,-0.923614968866577,1.5859404542672264,1.669546744494665
14293.0,-0.9475017380509687,0.9303406571479473,0.8350623244363591
14294.0,0.9825492120478839,-1.058145946714099,-0.6398915706672473
14295.0,-0.7707396460864698,0.2992073267345332,0.6865274788685326
14296.0,1.0494321657641807,-0.5571872395918231,-0.49908767928037545
14297.0,-0.8758414304977935,0.07394609082159041,0.2584137306190872
14298.0,-0.923614968866577,3.5450086160813172,3.323145911416133
14299.0,-0.923614968866577,2.202452120611942,1.9741390693297787
14300.0,-0.8710640766609151,-1.058145946714099,-2.1858831454784418
14301.0,-0.40288340064683703,0.07394609082159041,0.5633936983667053
14302.0,1.0972057041329644,-0.20175138038774237,-0.14802707948634794
14303.0,0.9825492120478839,-0.5571872395918231,-0.8560768391577606
14304.0,0.10351610606226787,-0.20175138038774237,0.45950873540401205
14305.0,-0.622641677143241,-0.20175138038774237,0.5134601495779906
14306.0,-0.718188753880808,0.48966298795922886,0.894303977774578
14307.0,-0.5366493080794308,1.0480979277381186,1.116534280231377
14308.0,1.6609334568846095,-0.5571872395918231,0.1651656531937883
14309.0,-0.923614968866577,1.15560189306089,1.0257048641715927
14310.0,1.106760411806721,-1.058145946714099,-0.44483950949367146
14311.0,0.19906318279983484,-0.5571872395918231,-0.4100466691680341
14312.0,-0.7372981692283215,1.15560189306089,0.8801737399309939
14314.0,-0.45065693901562054,-0.5571872395918231,-0.9928239610106213
14315.0,-0.7468528769020781,0.8001660338568091,0.9048556274831072
14316.0,1.0542095196010592,0.2992073267345332,0.2934705990435917
14317.0,-0.6513058001645111,-1.058145946714099,-0.4211094613877513
14318.0,1.2357489654024365,-1.058145946714099,-1.261721026477436
14319.0,1.0637642272748158,-1.058145946714099,-0.44082507726472775
14320.0,0.0270784446722143,0.2992073267345332,0.2809455363933055
14321.0,-0.909282907355942,0.654643185938614,0.6408837819874744
14322.0,1.0876509964592076,0.07394609082159041,-0.47168195758630455
14323.0,-0.41243810832059374,-0.5571872395918231,-0.29594989545092987
14324.0,0.996881273558519,-0.5571872395918231,-0.18924689936161493
14325.0,1.7612578874590548,-1.058145946714099,-0.945378595842311
14326.0,0.19428582896295649,-0.20175138038774237,0.022380582279991887
14327.0,-0.18312512415043303,0.48966298795922886,0.5272864345440965
14328.0,1.1306471809911127,-1.058145946714099,-0.5172252551027667
14329.0,-0.8806187843346719,1.5110377522649707,1.7195143399963726
14330.0,2.0192349946504855,-1.058145946714099,-1.0903555485496215
14331.0,-0.3694419237886886,-0.5571872395918231,-0.4892756745132144
14332.0,-0.8519546613134018,0.2992073267345332,0.5357948088055073
14333.0,-0.6369737386538761,-1.058145946714099,-0.5672228794438519
14334.0,-0.8806187843346719,1.2544959545938104,1.121659321746337
14335.0,-0.8853961381715503,-0.5571872395918231,-0.5015220759674749
14336.0,-0.8806187843346719,0.07394609082159041,0.4119299752298097
14338.0,-0.1926798318241897,-0.20175138038774237,0.012442673214353077
14339.0,0.19906318279983484,-0.5571872395918231,-0.2780580659545803
14340.0,0.08440669071475448,-1.058145946714099,-1.376191220433269
14341.0,-0.7468528769020781,1.7233615276208618,1.143637221920598
14342.0,-0.8615093689871585,0.48966298795922886,0.004898409181133007
14343.0,1.0494321657641807,0.07394609082159041,0.12151896359682339
14344.0,-0.3551098622780536,1.8470162614078611,0.8571029894215338
14345.0,-0.7755169999233482,-1.058145946714099,-1.52788228232932
14346.0,-0.38377398529932366,0.2992073267345332,0.6719813962559145
14347.0,2.559075978217739,-1.058145946714099,-1.7258476532477496
14348.0,0.28027819802676673,-1.058145946714099,-0.5770538195577298
14349.0,-0.9140602611928204,-1.058145946714099,-1.38260277597644
14350.0,0.3471611517430636,-0.20175138038774237,0.04579014345761058
14351.0,-0.17357041647667631,-1.058145946714099,-2.068572179880143
14352.0,-0.2117892471717031,0.07394609082159041,0.12105124534739202
14353.0,0.06529727536724109,-0.20175138038774237,-0.6376700835139057
14354.0,-0.9331696765403337,-0.5571872395918231,-1.2367386450450977
14355.0,0.7866777047358717,-0.20175138038774237,-0.05942647669956789
14356.0,-0.5796454926113359,-0.5571872395918231,-0.1896373996824271
14357.0,-0.7564075845758348,-1.058145946714099,-1.007611146644963
14358.0,0.8965568429840737,-0.5571872395918231,-0.5939701809267773
14359.0,-0.8710640766609151,-0.20175138038774237,-3.2968357348413806e-05
14360.0,-0.8089584767814967,0.07394609082159041,0.6075892164768747
14361.0,1.8042540719909599,-1.058145946714099,-1.041631636510996
14362.0,-0.8567320151502801,-1.058145946714099,-1.2919406980401271
14363.0,0.9586624428634922,-0.5571872395918231,-1.00014809399949
14364.0,-0.4411022313418638,0.8001660338568091,1.013489552401127
14365.0,0.9252209660053438,-0.5571872395918231,-0.26150685941782426
14366.0,1.5462769647995291,-1.058145946714099,-1.3693090383845834
14367.0,-0.923614968866577,1.5859404542672264,1.6696695520473903
14368.0,0.5669194282394676,-1.058145946714099,-1.2755613669238746
14369.0,2.1052273637142958,-0.5571872395918231,-0.4792727575395339
14370.0,1.1927527808705314,0.48966298795922886,0.1830260084592572
14371.0,0.44748558231750896,-1.058145946714099,-1.5858016923296745
14372.0,1.1545339501755045,-0.5571872395918231,-0.042437276932105535
14373.0,0.7484588740408449,-1.058145946714099,-1.7800719440660533
14374.0,1.6227146261895826,-1.058145946714099,-1.5343431251531756
14375.0,-0.07802333973910935,-0.20175138038774237,0.1394363283020668
14376.0,2.301098871026308,-1.058145946714099,-1.03912626730302
14377.0,-0.04935921671783927,-0.5571872395918231,-0.28180898803805676
14378.0,2.009680286976729,-1.058145946714099,-1.3947801330828695
14379.0,-0.7516302307389565,0.07394609082159041,0.23586884214840095
14380.0,2.29632151718943,-1.058145946714099,-2.0974605443186394
14381.0,-0.7134114000439297,-0.5571872395918231,-0.27150019236876527
14382.0,-0.8376225998027668,-0.5571872395918231,0.19389287736870306
14383.0,-0.7802943537602266,-0.20175138038774237,0.22583996163846193
14384.0,1.4316204727144486,-1.058145946714099,-1.9713182123266646
14385.0,-0.9188376150296986,-0.20175138038774237,-1.0850765423025401
14386.0,0.45704028999126567,-1.058145946714099,-1.336352464974488
14387.0,-0.8041811229446183,-0.20175138038774237,0.46059107979740405
14388.0,-0.9140602611928204,1.5859404542672264,1.4042368517323502
14389.0,-0.6513058001645111,0.2992073267345332,0.5284581186810561
14390.0,-0.9140602611928204,1.3460575542855853,1.3768148954713781
14391.0,1.7946993643172031,-1.058145946714099,-1.371419652604977
14392.0,1.1019830579698426,-1.058145946714099,-0.8865748884992586
14393.0,0.07962933687787613,-1.058145946714099,-1.8649167170939334
14394.0,1.737371118274663,-1.058145946714099,-1.635094991358742
14395.0,-0.9522790918878471,1.8470162614078611,1.548523532999589
14396.0,-0.6513058001645111,0.654643185938614,0.5550890958112535
14397.0,-0.9475017380509687,1.7867352234743035,0.7591069240031673
14398.0,0.9538850890266138,-0.5571872395918231,-0.18292560827121568
14399.0,0.9204436121684655,0.8001660338568091,0.6042363420341773
14400.0,-0.2500080778667299,-0.20175138038774237,0.4626218372475393
14401.0,-0.9427243842140904,1.9594133665673954,1.4488874670604621
14402.0,2.1530009020830794,-1.058145946714099,-0.8365218916563378
14403.0,-0.34077780076741854,0.48966298795922886,0.5217753833246671
14404.0,-0.7994037691077399,1.3460575542855853,0.7891709951783984
14405.0,0.887002135310317,-1.058145946714099,-1.1107975270880885
14406.0,-0.3933286929730804,-1.058145946714099,-1.2675090015959556
14407.0,-0.45065693901562054,0.48966298795922886,0.6209875632104651
14408.0,-0.909282907355942,1.15560189306089,1.084592791279536
14409.0,-0.622641677143241,0.9303406571479473,0.9548636919259964
14410.0,-0.5223172465687957,1.15560189306089,0.7643182355465304
14411.0,0.5239232437075625,-1.058145946714099,0.11030420490442185
14412.0,-0.7564075845758348,-0.20175138038774237,0.32228539372587406
14413.0,0.7675682893883583,0.07394609082159041,-0.1273475837617933
14414.0,-0.5223172465687957,0.8001660338568091,0.6975636753177032
14415.0,-0.9570564457247255,2.0119964593872464,1.8580658929525773
14416.0,-0.8567320151502801,-0.5571872395918231,-0.44759682663121253
14417.0,0.8917794891471953,-1.058145946714099,-0.39869756700147585
14418.0,-0.9427243842140904,-0.20175138038774237,0.5432215586816536
14419.0,-0.909282907355942,0.654643185938614,0.22984640507469023
14420.0,-0.48887576971064733,0.07394609082159041,0.4226864117482941
14421.0,-0.689524630859538,0.48966298795922886,0.7183247268216577
14422.0,-0.9570564457247255,1.7867352234743035,1.7470072161842607
14423.0,0.07962933687787613,-0.20175138038774237,0.0034602899010032473
14424.0,-0.8758414304977935,-1.058145946714099,-0.7500377211581317
14425.0,1.1163151194804777,-0.20175138038774237,-0.23179692233855995
14426.0,-0.8471773074765234,1.6565606001831652,1.8427123752319747
14427.0,-0.7229661077176863,0.07394609082159041,0.23493328283135606
14428.0,-0.9283923227034554,0.2992073267345332,0.2120492786146563
14429.0,0.9682171505372489,-1.058145946714099,-0.41028385379484483
14430.0,1.4841713649201105,-0.20175138038774237,0.21018493866374857
14431.0,0.48570441301253575,0.07394609082159041,0.7594492614560857
14432.0,-0.9140602611928204,0.48966298795922886,0.6507181945737649
14433.0,1.2644130884237066,-1.058145946714099,-0.8489697271070944
14434.0,-0.8567320151502801,0.48966298795922886,0.2947643044036755
14435.0,1.436397826551327,-1.058145946714099,-1.6613011115653133
14436.0,-0.48887576971064733,-0.5571872395918231,-0.87240781049271
14437.0,0.7866777047358717,0.2992073267345332,-0.03140634944020669
14438.0,0.5000364745231708,-1.058145946714099,-1.3912410786096392
14439.0,0.5669194282394676,0.2992073267345332,1.6863096420314991
14440.0,-0.923614968866577,1.3460575542855853,1.3568256892467478
14441.0,-0.9570564457247255,1.15560189306089,1.1690663264635708
14442.0,0.017523736998457606,0.654643185938614,1.2785302794367375
14443.0,-0.703856692370173,0.2992073267345332,0.5955464227556245
14444.0,1.216639550054923,-1.058145946714099,-1.4563332507133133
14445.0,1.216639550054923,-1.058145946714099,-1.0187740962841867
14446.0,-0.9570564457247255,0.2992073267345332,0.19789985494962203
14447.0,-0.8710640766609151,0.48966298795922886,0.45393347000597634
14448.0,-0.9188376150296986,-0.5571872395918231,-0.6398723906715218
14449.0,-0.8710640766609151,0.8001660338568091,0.6450678239620166
14450.0,-0.09713275508662275,0.654643185938614,0.15338771586315017
14451.0,-0.6751925693489029,1.2544959545938104,0.9184599773272122
14452.0,-0.909282907355942,0.07394609082159041,-0.23446078503455972
14453.0,-0.05413657055471762,-1.058145946714099,-1.4593710327273541
14454.0,0.8344512431046551,0.2992073267345332,0.049689074927451025
14455.0,1.1019830579698426,0.07394609082159041,-0.2810269091629183
14456.0,-0.937947030377212,0.9303406571479473,0.862921041545058
14457.0,0.5239232437075625,-1.058145946714099,-1.4979276174822684
14458.0,0.8583380122890469,-1.058145946714099,-0.9982549350288347
14459.0,-0.2213439548454598,-0.5571872395918231,1.2797020275807827
14460.0,-0.4363248775049855,0.9303406571479473,0.13070472995702762
14461.0,-0.25478543170360823,1.3460575542855853,1.4361388300567217
14462.0,-0.6465284463276328,1.2544959545938104,0.6488900490286081
14463.0,-0.49365312354752566,0.07394609082159041,-0.10684985201281562
14464.0,1.751703179785298,-0.5571872395918231,-1.5147447389582975
14465.0,0.21817259814734824,1.15560189306089,1.052870808641655
14466.0,-0.8232905382921317,1.3460575542855853,1.1130301767994513
14467.0,-0.8758414304977935,1.2544959545938104,0.6360468711082955
14468.0,2.544743916707104,-1.058145946714099,-1.0775461841108684
14469.0,1.0255453965797892,0.07394609082159041,0.599170754324162
14470.0,-0.9045055535190636,-0.20175138038774237,-0.17861034593986103
14471.0,1.8615823180335,-0.5571872395918231,-0.5923701297151011
14472.0,-0.4649890005262556,0.9303406571479473,0.6078242208499904
14473.0,-0.608309615632606,-0.5571872395918231,-0.9787629073362735
14474.0,-0.7420755230651997,-0.5571872395918231,0.23228547636587707
14475.0,-0.6178643233063628,0.07394609082159041,0.16775777398607375
14476.0,0.2659461365161317,-1.058145946714099,-1.1182009719790327
14477.0,-0.8662867228240368,0.654643185938614,0.5551696861725164
14478.0,0.8631153661259252,0.07394609082159041,0.24239532308294384
14479.0,0.25161407500549665,0.07394609082159041,0.1509999131242373
14480.0,-0.909282907355942,0.07394609082159041,0.2551961794563842
14481.0,-0.17357041647667631,0.2992073267345332,0.6622385788953721
14482.0,-0.8758414304977935,1.2544959545938104,1.119691424687031
14483.0,0.3853799824380904,-0.5571872395918231,-0.9121266136179605
14484.0,-0.7229661077176863,0.07394609082159041,0.11569772600625026
14485.0,-0.7755169999233482,-1.058145946714099,-1.2403431847213269
14486.0,1.4841713649201105,-0.5571872395918231,-1.186440776115525
14487.0,-0.8328452459658884,0.654643185938614,0.23650136868417437
14488.0,-0.6369737386538761,-1.058145946714099,0.11117204937216049
14489.0,0.0270784446722143,0.07394609082159041,0.3938462023846216
14490.0,0.9777718582110057,-0.5571872395918231,0.24059084019157725
14491.0,-0.12579687810789283,-0.5571872395918231,-0.7091056062573637
14492.0,1.0924283502960859,0.654643185938614,0.5374860162325465
14493.0,-0.9283923227034554,1.0480979277381186,1.2399807640958733
14494.0,-0.8376225998027668,-0.20175138038774237,-0.5914548424378119
14495.0,-0.718188753880808,-0.20175138038774237,-1.1893092481524574
14496.0,0.5287005975444409,0.654643185938614,0.6868266638491777
14497.0,0.5143685360338058,-0.5571872395918231,-0.19393656359507583
14498.0,-0.7564075845758348,1.0480979277381186,1.0482569435180913
14499.0,-0.8376225998027668,0.654643185938614,0.602035891277333
14500.0,-0.5414266619163092,-0.20175138038774237,-0.6762566835491332
14501.0,-0.08280069357598771,-0.5571872395918231,-0.9287900725136216
14502.0,-0.8662867228240368,1.15560189306089,0.7066778813235757
14503.0,-0.9475017380509687,0.48966298795922886,0.9788773722000305
14504.0,-0.7372981692283215,0.07394609082159041,-0.2189763006493948
14505.0,-0.8806187843346719,1.7867352234743035,1.8519545045928736
14506.0,-0.8806187843346719,0.654643185938614,0.8491516692138178
14507.0,-0.8471773074765234,1.15560189306089,0.9091124425518382
14508.0,-0.8567320151502801,0.2992073267345332,-0.07428004942586595
14509.0,1.5892731493314343,-1.058145946714099,-1.5150670562438902
14510.0,0.8344512431046551,-0.20175138038774237,0.05156812082962656
14511.0,-0.909282907355942,0.2992073267345332,0.263633111689561
14512.0,-0.06369127822847431,0.654643185938614,0.20726668182834668
14513.0,-0.4793210620368906,0.48966298795922886,-0.10553125753649342
14514.0,-0.6704152155120245,0.9303406571479473,1.1318740143342425
14515.0,-0.8758414304977935,1.2544959545938104,1.0147909660237582
14516.0,1.503280780267624,-1.058145946714099,-1.2935043823172352
14517.0,-0.8041811229446183,-0.5571872395918231,-0.731575488142877
14518.0,-0.6560831540013895,-1.058145946714099,-1.1910769780908659
14519.0,2.3058762248631863,-0.5571872395918231,-1.0814252911259183
14520.0,-0.9522790918878471,-0.5571872395918231,-0.8753253691367545
14521.0,1.3838469343456652,-1.058145946714099,-1.0945923238841542
14522.0,-0.8471773074765234,0.8001660338568091,0.46923316392981523
14523.0,-0.44587958517874215,-1.058145946714099,-0.9583508086505418
14524.0,-0.8089584767814967,1.3460575542855853,0.8367629762818815
14525.0,-0.8662867228240368,1.6565606001831652,1.5690082079257082
14526.0,0.8965568429840737,-1.058145946714099,-0.9078046854920836
14527.0,-0.9475017380509687,4.030991185973982,2.451154360317583
14528.0,-0.7850717075971049,-1.058145946714099,-0.6615414609120486
14529.0,-0.6751925693489029,-0.20175138038774237,-0.32816047618033906
14530.0,-0.8376225998027668,1.5859404542672264,1.3696017881695202
14531.0,1.3312960421400033,-1.058145946714099,-0.6379760893683503
14532.0,0.1656217059416864,1.15560189306089,1.0380002948407865
14533.0,-0.842399953639645,1.15560189306089,0.963045476061863
14534.0,-0.9475017380509687,2.1575193073054413,1.3812173610328178
14535.0,-0.6751925693489029,0.9303406571479473,1.3557632215612014
14536.0,0.28027819802676673,-1.058145946714099,-1.2052928991408294
14537.0,-0.6847472770226596,-0.5571872395918231,-0.25391619330866816
14538.0,-0.6513058001645111,0.2992073267345332,0.2937337350963065
14539.0,-0.8853961381715503,-0.5571872395918231,-0.3812908180074342
14540.0,-0.9140602611928204,1.15560189306089,1.0119912847169323
14541.0,-0.6799699231857812,1.4312993642702228,0.7247274561726842
14542.0,-0.07324598590223101,-1.058145946714099,-1.5665049780981148
14543.0,-0.8232905382921317,2.6431297898006605,2.000215306546396
14544.0,-0.8471773074765234,-0.20175138038774237,0.8438377247476628
14545.0,2.258102686494403,-1.058145946714099,-0.691751995621922
14546.0,-0.937947030377212,1.15560189306089,1.2536074604714027
14547.0,-0.9427243842140904,0.8001660338568091,1.0618040497183465
14548.0,-0.2404533701929732,0.9303406571479473,0.7390392950841911
14549.0,0.5239232437075625,0.07394609082159041,0.001088608819259709
14550.0,-0.909282907355942,0.07394609082159041,0.2800398362154828
14551.0,-0.8758414304977935,0.654643185938614,-0.02749550184956296
14552.0,-0.23567601635609486,-0.20175138038774237,-0.42203078620657
14553.0,-0.8710640766609151,0.9303406571479473,0.4976244469171064
14554.0,-0.9140602611928204,0.07394609082159041,0.6605945283857986
14555.0,-0.689524630859538,0.48966298795922886,0.6683205294691941
14556.0,1.8854690872178919,-0.20175138038774237,-0.0806421481877123
14557.0,-0.5557587234269442,-1.058145946714099,-0.10519284062045092
14558.0,2.162555609756836,-0.20175138038774237,-0.23824416859722364
14559.0,0.9013341968209521,-1.058145946714099,-1.788969080016531
14560.0,-0.9283923227034554,2.7886526377188545,1.3725778481423982
14561.0,-0.5987549079588493,-0.20175138038774237,0.12225333765226908
14562.0,-0.9427243842140904,2.1575193073054413,1.4319369728409386
14563.0,1.474616657246354,-0.5571872395918231,-0.2548831754185112
14564.0,1.1163151194804777,-0.5571872395918231,0.7570771754382741
14565.0,-0.5032078312212823,0.2992073267345332,1.040517850043601
14566.0,-0.4315475236681071,0.07394609082159041,1.082783872503354
14567.0,-0.689524630859538,-0.5571872395918231,0.37313738560709886
14568.0,1.1163151194804777,-1.058145946714099,0.005886926765663008
14569.0,-0.9570564457247255,0.07394609082159041,-0.3052156964490201
14570.0,0.3806026286012121,-0.20175138038774237,-0.2856734319080662
14571.0,1.0685415811116943,-1.058145946714099,-1.2527888300854786
14572.0,-0.9475017380509687,1.15560189306089,1.2997125502606246
14573.0,-0.10191010892350111,1.3460575542855853,0.6227876086831667
14574.0,2.5399665628702257,-1.058145946714099,-1.3298381658930047
14575.0,1.3695148728350302,-1.058145946714099,-0.5585686133833534
14576.0,0.8153418277571418,-1.058145946714099,-2.326030693835864
14577.0,-0.8997281996821853,0.654643185938614,0.29020500514070807
14578.0,-0.9475017380509687,-1.058145946714099,-1.2150983345030333
14579.0,1.1019830579698426,-1.058145946714099,-1.5506851118655016
14580.0,1.5128354879413806,-1.058145946714099,-2.926159257133284
14581.0,-0.8806187843346719,-0.5571872395918231,-0.576913184005478
14582.0,-0.7659622922495916,-1.058145946714099,-1.4949743172748238
14583.0,-0.9331696765403337,0.8001660338568091,0.4319218700264432
14584.0,-0.15446100112916294,0.8001660338568091,0.46498731460042825
14585.0,-0.7229661077176863,0.2992073267345332,0.16280394222019737
14586.0,0.3614932132536987,-1.058145946714099,-0.9695589606470979
14587.0,-0.8710640766609151,0.9303406571479473,0.3962970991230099
14588.0,1.7994767181540816,-1.058145946714099,-1.3725302005020414
14589.0,0.8153418277571418,-1.058145946714099,-2.2445454745767033
14590.0,1.0685415811116943,1.8470162614078611,0.8571801334615067
14591.0,-0.8901734920084285,0.07394609082159041,0.26658939189486597
14592.0,-0.7946264152708616,-0.20175138038774237,-0.35437251131090364
14593.0,-0.8567320151502801,1.2544959545938104,1.0033591721696464
14594.0,-0.9283923227034554,-0.5571872395918231,-0.6633026249649191
14595.0,-0.8662867228240368,0.8001660338568091,0.6232310861326551
14596.0,2.0335670561611208,-1.058145946714099,-1.0169285221611293
14597.0,-0.909282907355942,0.48966298795922886,0.629926722501486
14598.0,-0.7516302307389565,-0.5571872395918231,-0.6233947086101604
14599.0,0.9013341968209521,-0.5571872395918231,-0.4967401103313657
14600.0,0.5000364745231708,-0.5571872395918231,-0.03818297322344042
14601.0,-0.909282907355942,-1.058145946714099,-1.0441457318001868
14602.0,2.1721103174305925,-1.058145946714099,-1.0736178503386082
14603.0,0.351938505579942,-1.058145946714099,-0.23331324548170126
14604.0,2.062231179182391,-1.058145946714099,-1.329040453918913
14605.0,0.8248965354308985,0.07394609082159041,0.007343697288553675
14606.0,-0.9570564457247255,4.587598438742236,2.5194630635966844
14607.0,-0.8853961381715503,1.9594133665673954,2.352409219229014
14608.0,-0.9427243842140904,1.15560189306089,0.9390369868465354
14609.0,-0.6178643233063628,1.0480979277381186,0.3520158791702548
14610.0,0.9299983198422221,-0.5571872395918231,-2.587181438599441
14611.0,1.1593113040123828,-0.5571872395918231,-0.29681986405661676
14612.0,1.0207680427429107,-1.058145946714099,-0.027815805786626173
14613.0,2.2867668095156732,-1.058145946714099,-1.7822159476606583
14614.0,0.8822247814734386,-1.058145946714099,-0.8129101023912234
14615.0,0.9204436121684655,0.2992073267345332,0.03059427545209712
14616.0,0.19906318279983484,0.2992073267345332,-0.3944121556896533
14617.0,0.9634397967003706,-0.5571872395918231,-1.1276764433961102
14618.0,-0.9188376150296986,0.654643185938614,0.2785690037940069
14619.0,0.21339524431046988,-0.5571872395918231,0.25058582679393104
14620.0,0.022301090835335952,-0.5571872395918231,-0.571432215714714
14621.0,-0.9570564457247255,0.9303406571479473,0.8589136982575144
14622.0,-0.07802333973910935,-1.058145946714099,-0.7533968446578047
14623.0,-0.8089584767814967,1.0480979277381186,0.5723195955756867
14624.0,-0.689524630859538,0.48966298795922886,-0.08207540338911318
14625.0,-0.025472447533447528,1.15560189306089,1.151033058048561
14626.0,-0.8471773074765234,1.15560189306089,1.2844094387609541
14627.0,0.8487833046152902,-1.058145946714099,-0.48913557539929037
14628.0,-0.5270946004056741,0.2992073267345332,0.5654983384139572
14629.0,-0.9427243842140904,-0.5571872395918231,0.033241085074359245
14630.0,1.3504054574875168,-1.058145946714099,-0.713934907324831
14631.0,-0.718188753880808,0.48966298795922886,0.5754284499896057
14632.0,0.29461025953740183,-1.058145946714099,-1.4921579674316692
14633.0,0.30894232104803687,-1.058145946714099,-0.7007730382327604
14634.0,1.1306471809911127,0.07394609082159041,0.6097762248341633
14635.0,1.2070848423811664,-1.058145946714099,-1.0399270397424625
14636.0,-0.7898490614339833,-0.5571872395918231,-0.2902673365154431
14637.0,2.272434748005038,-1.058145946714099,-1.5431379081687568
14638.0,-0.718188753880808,-1.058145946714099,-0.5195755695268168
14639.0,-0.7134114000439297,0.9303406571479473,1.2243661631440903
14640.0,-0.8471773074765234,1.0480979277381186,1.000168744867751
14641.0,-0.8567320151502801,-1.058145946714099,-1.518233405522837
14642.0,-0.6799699231857812,-1.058145946714099,-1.6176426556745735
14643.0,-0.1496836472922846,0.2992073267345332,0.44038821316460747
14644.0,-0.6369737386538761,0.654643185938614,0.6504678613068573
14645.0,-0.2117892471717031,-0.20175138038774237,-0.028481506919167718
14646.0,-0.9522790918878471,4.292545226599931,4.591568772197021
14647.0,-0.0015856783490557876,-0.5571872395918231,-0.42471641554905454
14648.0,1.0255453965797892,1.5110377522649707,1.1460048413418042
14649.0,-0.937947030377212,0.9303406571479473,1.0005305220832408
14650.0,1.8520276103597433,-1.058145946714099,-1.9243533880786476
14651.0,-0.6417510924907545,0.9303406571479473,0.5753678999448669
14652.0,-0.593977554121971,-1.058145946714099,-1.494535496049476
14653.0,-0.9570564457247255,1.2544959545938104,0.9889491243072265
14654.0,2.563853332054617,-1.058145946714099,-0.9413484653031229
14655.0,-0.923614968866577,0.654643185938614,1.0441159395978898
14656.0,-0.15446100112916294,0.2992073267345332,-0.10371298858599545
14657.0,-0.8758414304977935,0.48966298795922886,0.33432293613715863
14658.0,-0.937947030377212,-0.5571872395918231,-0.9405044073482882
14659.0,-0.9188376150296986,0.9303406571479473,0.735806635202385
14660.0,-0.5462040157531874,-0.5571872395918231,-0.8361693743406741
14661.0,-0.8328452459658884,-1.058145946714099,-1.5346743155921545
14662.0,-0.8232905382921317,0.654643185938614,0.296669083563311
14663.0,1.0924283502960859,-0.5571872395918231,-0.4470386466138674
14664.0,-0.8662867228240368,-0.5571872395918231,-0.2597376128660656
14665.0,-0.6704152155120245,0.654643185938614,0.7958992506839836
14666.0,-0.8471773074765234,-1.058145946714099,-1.1098774128155187
14667.0,-0.909282907355942,3.0365845316001647,2.2420979080693093
14668.0,1.1640886578492613,-1.058145946714099,-1.510695824670161
14669.0,0.19428582896295649,0.654643185938614,0.9091214156206702
14670.0,0.37582527476433375,-0.20175138038774237,-0.3223061294826473
14671.0,1.6609334568846095,-0.5571872395918231,0.1527547255054307
14672.0,0.16084435210480805,0.07394609082159041,0.14354259038850128
14673.0,-0.9475017380509687,0.654643185938614,0.867697819590099
14674.0,1.4698393034094754,-1.058145946714099,-1.1940052967077373
14675.0,-0.8853961381715503,-0.5571872395918231,0.07739502958992356
14676.0,-0.813735830618375,1.2544959545938104,1.5981094217928569
14677.0,1.8711370257072568,-1.058145946714099,-1.1489476433520207
14678.0,1.8042540719909599,-1.058145946714099,-0.5880015768077522
14679.0,0.8631153661259252,-0.20175138038774237,0.24957966776630228
14680.0,-0.842399953639645,3.1233230300705346,2.9671295986443766
14681.0,-0.622641677143241,0.48966298795922886,-0.02991361089331397
14682.0,-0.06369127822847431,0.48966298795922886,0.36577019117813275
14683.0,1.847250256522865,-1.058145946714099,-1.3157103453752002
14684.0,-0.8376225998027668,0.48966298795922886,0.32422494151170395
14685.0,1.7899220104803248,0.8001660338568091,1.157225327838915
14686.0,1.0159906889060324,0.2992073267345332,-0.048794230780301824
14687.0,-0.45065693901562054,-0.20175138038774237,0.309976820942087
14688.0,-0.923614968866577,2.245808014503504,1.4896145503896432
14689.0,0.036633152345971,-1.058145946714099,-1.5032361409812518
14690.0,-0.7516302307389565,0.07394609082159041,-0.11504411679177674
14691.0,-0.813735830618375,0.2992073267345332,0.6063277413016979
14692.0,-0.30733632390927007,1.2544959545938104,0.45536918473058097
14693.0,0.3041649672111585,0.654643185938614,0.1766059793669491
14694.0,1.9857935177923371,-1.058145946714099,-0.9488131600497759
14695.0,1.517612841778259,-0.20175138038774237,0.37495456535197325
14696.0,-0.9427243842140904,0.8001660338568091,0.7194663057504856
14697.0,0.07962933687787613,-0.5571872395918231,-1.1347228043859445
14698.0,-0.9522790918878471,0.2992073267345332,0.20803734796635084
14699.0,0.06051992153036274,0.07394609082159041,-0.18823053427863956
14700.0,-0.8089584767814967,0.2992073267345332,0.8768433022271063
14701.0,-0.909282907355942,1.5110377522649707,1.149302977573264
14702.0,-0.9570564457247255,2.2876939305965793,1.4020395066987479
14703.0,-0.8901734920084285,-1.058145946714099,-0.758826785872497
14704.0,-0.909282907355942,1.15560189306089,0.4710875284832685
14705.0,-0.011140386022812485,-1.058145946714099,-1.1722669494840376
14706.0,1.9953482254660937,-1.058145946714099,-0.655009378331858
14707.0,1.121092473317356,-0.5571872395918231,-1.3526426807202636
14708.0,-0.9475017380509687,0.2992073267345332,0.4874854055896218
14709.0,-0.8901734920084285,2.110890520920167,1.642453308593771
14710.0,-0.8949508458453069,1.3460575542855853,0.529134394638405
14711.0,-0.9140602611928204,1.15560189306089,0.8191314002786336
14712.0,-0.8232905382921317,0.07394609082159041,0.2708708994261326
14713.0,-0.9188376150296986,1.9044924940644754,1.2439274316359645
14714.0,-0.8471773074765234,0.07394609082159041,-0.004743620557084102
14715.0,-0.842399953639645,0.8001660338568091,0.500336718130523
14716.0,-0.7564075845758348,-0.20175138038774237,-0.3735575226714218
14717.0,2.5399665628702257,-1.058145946714099,-1.737160463629135
14718.0,0.996881273558519,-1.058145946714099,-1.0034731169950584
14719.0,-0.9522790918878471,0.2992073267345332,0.3970042988212445
14720.0,-0.9331696765403337,-0.20175138038774237,-0.22916456934771684
14721.0,0.8487833046152902,-1.058145946714099,-1.5272918286775068
14722.0,-0.2595627855404866,-0.20175138038774237,-0.44862618424115447
14723.0,-0.9140602611928204,1.15560189306089,0.4914333031788414
14724.0,1.8568049641966218,-1.058145946714099,-0.7070607918337727
14725.0,-0.842399953639645,0.07394609082159041,0.228753325186145
14726.0,2.167332963593714,-1.058145946714099,-1.480140618510428
14727.0,0.3471611517430636,-0.20175138038774237,-0.4876118091990441
14728.0,1.0112133350691541,-1.058145946714099,-1.1272618695671959
14729.0,0.8248965354308985,-0.20175138038774237,-0.31872029456438106
14730.0,-0.9570564457247255,0.8001660338568091,0.5282908516304488
14731.0,-0.7372981692283215,-0.20175138038774237,-0.6309705680039543
14732.0,-0.923614968866577,1.7867352234743035,1.298430424279915
14733.0,-0.8853961381715503,1.5110377522649707,1.987601631213212
14734.0,1.0733189349485726,0.07394609082159041,0.10582639884579924
14735.0,-0.9427243842140904,3.0807148010694942,1.873566800174966
14736.0,1.355182811324395,-0.5571872395918231,-0.6423700732642582
14737.0,-0.9427243842140904,0.07394609082159041,0.9810959070908235
14738.0,-0.7564075845758348,0.9303406571479473,0.49893236080246894
14739.0,-0.9427243842140904,2.110890520920167,1.8331520879314267
14740.0,-0.020695093696569182,1.15560189306089,1.0948614859032981
14741.0,-0.9045055535190636,0.654643185938614,0.4545064141572915
14742.0,1.1163151194804777,-1.058145946714099,-0.32661786552330285
14743.0,1.8711370257072568,-1.058145946714099,-2.0758268092774994
14744.0,-0.8853961381715503,1.4312993642702228,1.0022854327735937
14745.0,-0.42199281599435046,1.2544959545938104,0.7419069515289259
14746.0,0.9777718582110057,0.07394609082159041,-0.3098510873659419
14747.0,0.22772730582110493,-1.058145946714099,-0.7364922300331358
14748.0,-0.8232905382921317,1.0480979277381186,0.7778975808436572
14749.0,1.3312960421400033,-1.058145946714099,-0.7771964565681609
14750.0,2.5542986243808605,-1.058145946714099,-1.5081368233226553
14751.0,2.3058762248631863,-0.5571872395918231,-1.4214661281426004
14752.0,-0.7516302307389565,-1.058145946714099,-0.6129720711683436
14753.0,-0.5462040157531874,-0.5571872395918231,-0.03457523113564572
14754.0,-0.7468528769020781,0.48966298795922886,0.38137211852214487
14755.0,-0.9140602611928204,2.110890520920167,1.7256874174838683
14756.0,-0.8901734920084285,-0.20175138038774237,0.770286578382243
14757.0,-0.6035322617957277,-1.058145946714099,-0.5580889468720965
14758.0,-0.2691174932142433,0.654643185938614,0.8255445119387211
14759.0,-0.937947030377212,-0.20175138038774237,0.416853663906043
14760.0,0.45704028999126567,-1.058145946714099,-1.6709987802765267
14761.0,-0.6799699231857812,-0.20175138038774237,-0.5125956967772184
14762.0,0.29938761337428016,-0.5571872395918231,-0.5631241681153568
14764.0,-0.7372981692283215,-1.058145946714099,-0.8551458464890298
14765.0,-0.8232905382921317,-0.20175138038774237,-0.9205375751026605
14766.0,-0.923614968866577,1.15560189306089,1.402826657983819
14767.0,1.3026319191187332,-1.058145946714099,-0.6257042647077593
14768.0,-0.8806187843346719,-0.5571872395918231,-1.1196908167785027
14769.0,-0.9475017380509687,1.6565606001831652,2.044647869880489
14770.0,0.146512290594173,0.8001660338568091,0.9978474800561387
14771.0,2.0049029331398507,-0.5571872395918231,-0.30849248599188417
14772.0,-0.4267701698312288,-1.058145946714099,-1.3523338325878653
14773.0,1.8711370257072568,-1.058145946714099,-1.3457253614743572
14774.0,1.5653863801470425,-1.058145946714099,-0.9572782091314607
14775.0,-0.6847472770226596,-0.20175138038774237,0.07477727957320342
14776.0,-0.718188753880808,1.5110377522649707,1.0117305678900321
14777.0,0.9682171505372489,-1.058145946714099,-0.7832300833208166
14778.0,-0.3551098622780536,-0.5571872395918231,-0.15980544534923194
14779.0,0.3806026286012121,-0.20175138038774237,-0.6194499174596916
14780.0,-0.6990793385332946,-0.5571872395918231,-0.5129817018928837
14782.0,0.5669194282394676,-1.058145946714099,-1.0922554312595116
14783.0,2.1864423789412277,-1.058145946714099,-0.7838385704779601
14784.0,-0.8376225998027668,-0.20175138038774237,-0.5093709819765199
14785.0,-0.9140602611928204,-0.5571872395918231,-1.7722032529140184
14786.0,1.6657108107214877,-1.058145946714099,-1.6570499491357131
14787.0,1.2882998576080982,-1.058145946714099,-1.517003988217638
14788.0,-0.9283923227034554,-0.20175138038774237,0.17098956743022573
14789.0,-0.8232905382921317,-1.058145946714099,-1.1011398216510353
14790.0,-0.8806187843346719,1.0480979277381186,0.7348619944857808
14791.0,1.9380199794235535,-1.058145946714099,-0.792482774887314
14792.0,-0.6560831540013895,-1.058145946714099,-3.4957466347318977
14793.0,-0.8615093689871585,-0.5571872395918231,-0.27154624797709437
14794.0,-0.9475017380509687,1.0480979277381186,0.549395754521964
14795.0,-0.16879306263979799,-1.058145946714099,-1.3936893439835816
14796.0,-0.9570564457247255,2.202452120611942,1.7397905731000225
14797.0,1.460284595735719,-1.058145946714099,-0.800392792659632
14798.0,-0.7086340462070513,0.8001660338568091,-0.16629475735833235
14799.0,-0.718188753880808,-0.5571872395918231,-0.7149982981316073
14800.0,-0.7325208153914431,1.6565606001831652,1.4897058846926652
14801.0,-0.6704152155120245,-1.058145946714099,-1.1319490909014447
14802.0,1.1306471809911127,-0.5571872395918231,0.36011464079262123
14803.0,-0.18790247798731138,-0.20175138038774237,-0.05472147957214623
14804.0,-0.9188376150296986,-1.058145946714099,-0.6835143692087516
14805.0,-0.8901734920084285,0.654643185938614,0.12344676971253164
14806.0,-0.6035322617957277,-0.5571872395918231,-0.7929568362770203
14807.0,0.9061115506578303,-0.5571872395918231,-0.42742636388658617
14808.0,-0.7707396460864698,0.8001660338568091,0.7877047264087603
14809.0,2.0049029331398507,-0.5571872395918231,-0.20466664580301122
14810.0,-0.7659622922495916,1.3460575542855853,0.6838108289590611
14811.0,0.887002135310317,-1.058145946714099,-1.2071844320158784
14812.0,1.899801148728527,-1.058145946714099,-1.1728687248828702
14813.0,0.805787120083385,0.07394609082159041,-0.018665323083024998
14814.0,1.8138087796647167,-1.058145946714099,-1.2792260728693816
14815.0,-0.7850717075971049,-0.5571872395918231,-0.11428438391765874
14816.0,-0.020695093696569182,-1.058145946714099,-0.8720108736946449
14817.0,-0.0063630321859341355,0.654643185938614,1.0590955747910493
14818.0,-0.608309615632606,0.48966298795922886,0.16926607788753992
14819.0,-0.6560831540013895,0.07394609082159041,-0.4990718983083899
14820.0,-0.8615093689871585,0.9303406571479473,0.24132109604908594
14821.0,0.79145505857275,0.654643185938614,0.21562873718059872
14822.0,1.355182811324395,-1.058145946714099,-1.2631750459525315
14823.0,-0.10191010892350111,-0.20175138038774237,-0.7514914224655929
14824.0,-0.9140602611928204,1.0480979277381186,1.0704953518673213
14825.0,-0.9427243842140904,2.062432694683636,1.188121607625547
14826.0,1.818586133501595,-0.5571872395918231,-0.6212233406615244
14828.0,-0.020695093696569182,1.3460575542855853,1.7159902648612122
14829.0,-0.8232905382921317,0.654643185938614,0.3371426833587587
14830.0,-0.7086340462070513,-1.058145946714099,-1.1336956679073007
14831.0,2.2867668095156732,-0.20175138038774237,0.4389610859196088
14832.0,2.0478991176717556,-1.058145946714099,-0.7486761361881914
14833.0,1.422065765040692,-1.058145946714099,-1.6275206348802804
14834.0,-0.8758414304977935,0.654643185938614,0.6370024600783171
14835.0,1.5653863801470425,-0.5571872395918231,-0.8083662291171474
14836.0,-0.9140602611928204,-0.20175138038774237,-1.572065560620835
14837.0,-0.5318719542425524,0.9303406571479473,0.9617849001429256
14838.0,1.0589868734379375,-0.5571872395918231,-0.12227365231664913
14839.0,1.0351001042535457,-0.20175138038774237,0.0024132985671637625
14840.0,0.31849702872179353,-0.5571872395918231,-0.6645320476027546
14841.0,-0.7086340462070513,1.4312993642702228,1.4868570427295973
14842.0,-0.7516302307389565,0.07394609082159041,0.815327534938473
14843.0,1.1258698271542344,-1.058145946714099,-1.0514356377195082
14844.0,-0.6560831540013895,1.0480979277381186,1.4388920838304617
14845.0,1.9045785025654052,-1.058145946714099,-1.2990758093398362
14846.0,1.0780962887854508,-1.058145946714099,-0.5297124138165152
14847.0,-0.2500080778667299,-0.20175138038774237,0.28212285437532303
14848.0,0.9729945043741273,-1.058145946714099,-0.7762459333458159
14849.0,-0.8567320151502801,2.7608870603908318,2.0396759485906766
14850.0,0.5287005975444409,0.654643185938614,0.4784740071473643
14851.0,-0.8519546613134018,-0.20175138038774237,-0.06861649039403524
14852.0,-0.6847472770226596,1.7233615276208618,1.374746557301622
14853.0,-0.8471773074765234,0.2992073267345332,0.296899624705328
14854.0,-0.5892002002850927,1.15560189306089,1.119077870623006
14855.0,-0.3933286929730804,0.654643185938614,1.4190088607605764
14856.0,-0.7898490614339833,-0.20175138038774237,0.25018912043635655
14857.0,-0.6751925693489029,0.654643185938614,1.0006611522421278
14858.0,1.4555072418988404,-1.058145946714099,-1.1652830569339232
14859.0,-0.8997281996821853,0.2992073267345332,0.4513622673563336
14860.0,-0.8710640766609151,-1.058145946714099,-1.2079424352290893
14861.0,-0.7134114000439297,1.0480979277381186,0.2989189491556941
14862.0,-0.8376225998027668,-0.5571872395918231,-0.05844016556264779
14863.0,-0.8232905382921317,-1.058145946714099,-0.885603744628752
14865.0,-0.9283923227034554,0.07394609082159041,-1.644907608727553
14866.0,-0.909282907355942,1.7867352234743035,2.2544211354786707
14867.0,-0.07324598590223101,1.5859404542672264,0.8471525221329596
14868.0,-0.9475017380509687,1.2544959545938104,1.0988307900772862
14869.0,-0.9188376150296986,0.48966298795922886,0.8033371844266762
14870.0,0.28983290570052345,0.48966298795922886,0.5056524190643297
14871.0,-0.9475017380509687,0.9303406571479473,0.21446691854257421
14872.0,1.3504054574875168,-0.20175138038774237,-0.07983829457842648
14873.0,0.041410506182849346,-0.5571872395918231,-0.047442378900915856
14874.0,1.5940505031683125,-1.058145946714099,-1.482109133926025
14875.0,-0.44587958517874215,-0.20175138038774237,0.8248969356552592
14876.0,1.5271675494520156,-0.5571872395918231,-0.913246163356298
14877.0,1.0351001042535457,-0.5571872395918231,-0.5489845930475689
14878.0,-0.8997281996821853,2.110890520920167,1.0800451486962992
14879.0,2.3106535787000646,-1.058145946714099,-1.1483654757673611
14880.0,-0.593977554121971,-0.20175138038774237,-0.20065807034645403
14881.0,-0.8662867228240368,-1.058145946714099,-0.916896738784858
14882.0,-0.8328452459658884,1.4312993642702228,0.9795674549443958
14883.0,-0.8710640766609151,0.48966298795922886,-0.13011566089063611
14884.0,2.2342159173100113,-1.058145946714099,-1.4553828495897174
14885.0,-0.3312230930936618,-0.20175138038774237,0.4043906189505855
14886.0,0.24683672116861832,-1.058145946714099,-0.6603960442987609
14887.0,-0.5844228464482143,-1.058145946714099,0.5146389762733867
14888.0,0.0270784446722143,-1.058145946714099,-0.6517653707831673
14889.0,0.6433570896295212,-1.058145946714099,-1.3698361136537796
14890.0,0.25161407500549665,-0.20175138038774237,-0.07926466101593321
14891.0,-0.25478543170360823,0.07394609082159041,0.13937768402912878
14892.0,2.3393177017213347,-1.058145946714099,-1.0842241134686315
14893.0,-0.9140602611928204,-0.20175138038774237,0.49404930337882647
14894.0,-0.5557587234269442,-0.20175138038774237,0.35521700975300075
14895.0,-0.923614968866577,2.611849228042442,2.3924769216401818
14896.0,0.017523736998457606,0.8001660338568091,0.5005540503808615
14897.0,-0.923614968866577,0.8001660338568091,0.8918129859053314
14898.0,-0.8519546613134018,1.4312993642702228,0.9418315614232787
14899.0,0.9252209660053438,-1.058145946714099,0.2726663545647634
14900.0,1.531944903288894,-1.058145946714099,-2.9698060562997535
14901.0,-0.909282907355942,1.2544959545938104,0.5363928215496916
14902.0,-0.8376225998027668,-0.20175138038774237,0.09148612986306037
14903.0,-0.8615093689871585,0.2992073267345332,0.8077882134039307
14904.0,-0.9522790918878471,0.07394609082159041,0.4188562489643731
14905.0,-0.20701189333482475,0.8001660338568091,0.5558250644421221
14906.0,1.1640886578492613,-1.058145946714099,-1.8598051056028317
14907.0,-0.9475017380509687,1.5859404542672264,1.3024287168736515
14908.0,-0.608309615632606,-0.5571872395918231,-0.627417729246157
14909.0,1.1258698271542344,-0.20175138038774237,0.3113234703059612
14910.0,-0.9475017380509687,0.07394609082159041,-0.5347518165447008
14911.0,-0.9570564457247255,5.484918302069179,4.161743150431411
14912.0,-0.8806187843346719,0.48966298795922886,0.525120665925261
14913.0,-0.7898490614339833,0.8001660338568091,1.0794483194194495
14915.0,-0.5270946004056741,1.15560189306089,0.4947028205124568
14916.0,-0.622641677143241,0.8001660338568091,0.8690341303826338
14917.0,1.8902464410547701,-0.5571872395918231,0.15038407777576598
14918.0,-0.4076607544837154,0.9303406571479473,1.3536553953062689
14919.0,1.6131599185158259,-1.058145946714099,-0.6712313948792417
14920.0,0.055742567693484395,-0.20175138038774237,0.4084641980511434
14921.0,-0.8185131844552533,-0.5571872395918231,0.26432399414625396
14922.0,0.9204436121684655,-0.5571872395918231,-0.05626646828802749
14923.0,-0.718188753880808,-1.058145946714099,-0.1420359564662586
14924.0,0.21339524431046988,-0.20175138038774237,0.014699955910853388
14926.0,0.8631153661259252,-0.5571872395918231,-0.6711312450977298
14927.0,0.9347756736791005,-1.058145946714099,-0.7817344504643787
14928.0,2.038344409997999,-1.058145946714099,-1.011484130037511
14929.0,-0.8089584767814967,-0.5571872395918231,-0.062315965868360454
14930.0,-0.4411022313418638,0.48966298795922886,1.260794258222061
14931.0,-0.937947030377212,0.2992073267345332,0.23159189721453347
14932.0,0.7866777047358717,-0.5571872395918231,-0.22664997222249267
14933.0,1.1593113040123828,0.07394609082159041,0.4780828334484874
14934.0,-0.5700907849375793,0.2992073267345332,0.9707340257772842
14935.0,0.45704028999126567,-0.5571872395918231,0.8217212104683127
14936.0,-0.7994037691077399,1.2544959545938104,1.8835600934791135
14937.0,-0.689524630859538,-0.20175138038774237,0.4150367896414049
14938.0,1.723039056764028,-0.5571872395918231,0.6740596883561895
14940.0,1.0351001042535457,-0.5571872395918231,-0.3893653748776609
14941.0,1.8042540719909599,-1.058145946714099,-1.1599412762651329
14942.0,0.9586624428634922,0.07394609082159041,-0.14448437441502174
14943.0,2.2055517942887413,-1.058145946714099,-1.5368639918698255
14944.0,-0.8185131844552533,1.7867352234743035,1.7119600109357334
14945.0,1.0159906889060324,-1.058145946714099,-1.1706646634785272
14946.0,-0.8949508458453069,-1.058145946714099,-1.58296263439604
14947.0,-0.6178643233063628,0.48966298795922886,0.10128629545226607
14948.0,-0.8519546613134018,0.48966298795922886,0.13626924420151787
14949.0,1.2787451499343416,0.07394609082159041,-0.41207222150824846
14950.0,-0.8710640766609151,-1.058145946714099,-0.6478761935454858
14951.0,-0.5844228464482143,-1.058145946714099,-0.77363265891608
14952.0,-0.6751925693489029,2.4054512011867506,2.1369030717876356
14953.0,-0.842399953639645,0.07394609082159041,0.045263247009556806
14954.0,-0.9045055535190636,-0.5571872395918231,-0.4901168407028607
14955.0,2.5399665628702257,-1.058145946714099,-1.2360812210805066
14956.0,1.0494321657641807,-1.058145946714099,0.26920162689975624
14957.0,0.24683672116861832,-0.5571872395918231,-0.899402546634108
14958.0,-0.2595627855404866,0.48966298795922886,0.023154120229511178
14959.0,-0.6560831540013895,0.07394609082159041,-0.19563440222495207
14960.0,-0.923614968866577,-0.5571872395918231,-1.0200071057930915
14961.0,-0.909282907355942,1.9594133665673954,2.0851761405671225
14962.0,0.33282909023242857,0.07394609082159041,-0.6562443643508895
14963.0,-0.9140602611928204,1.2544959545938104,0.8879032309230913
14964.0,0.21817259814734824,-1.058145946714099,-1.0706507299930916
14965.0,-0.5032078312212823,-0.5571872395918231,-0.306713193499259
14966.0,-0.8901734920084285,0.48966298795922886,0.11115849732340083
14967.0,-0.7229661077176863,0.48966298795922886,0.5599195787277115
14968.0,-0.8185131844552533,-0.5571872395918231,-0.43158231591057644
14969.0,2.4014233016007536,-1.058145946714099,-0.004751576925049998
14970.0,-0.6369737386538761,1.2544959545938104,1.2156737526243047
14971.0,-0.7946264152708616,-0.20175138038774237,0.13365328738768645
14972.0,-0.3503325084411752,-0.5571872395918231,-1.3230361312946923
14973.0,-0.45065693901562054,-0.20175138038774237,0.2634355951846969
14974.0,-0.7850717075971049,-1.058145946714099,-1.665101056550283
14975.0,-0.689524630859538,-0.5571872395918231,-0.47428468374319127
14976.0,-0.689524630859538,0.654643185938614,-0.10292861918718267
14977.0,2.506525086012077,-1.058145946714099,-2.3983469549661844
14978.0,-0.6178643233063628,1.0480979277381186,0.8852694555350868
14979.0,2.5495212705439823,-1.058145946714099,-0.5425702336129387
14980.0,2.559075978217739,-1.058145946714099,-1.2958324835886734
14981.0,0.21339524431046988,-0.5571872395918231,-0.6445481792214368
14982.0,1.7708125951328115,-1.058145946714099,-0.9682881869164525
14983.0,2.329762994047578,-1.058145946714099,-1.1556177539245722
14984.0,-0.8710640766609151,0.48966298795922886,0.23321302775037484
14985.0,-0.015917739859690833,-0.5571872395918231,-0.8205555830844043
14986.0,0.8344512431046551,-0.5571872395918231,-0.3477393251662414
14987.0,-0.8853961381715503,0.8001660338568091,0.38263857633144915
14988.0,0.050965213856606045,0.654643185938614,0.5800296110493045
14989.0,2.200774440451863,-1.058145946714099,-0.7060090219418852
14990.0,1.9619067486079453,-0.5571872395918231,-0.7912043621014924
14991.0,1.0924283502960859,-1.058145946714099,-0.7667860481095425
14992.0,1.1497565963386263,-1.058145946714099,-1.055858835221821
14993.0,1.7325937644377847,-1.058145946714099,-2.311697690052794
14994.0,0.8631153661259252,0.2992073267345332,0.026765737970962884
14995.0,-0.7755169999233482,-0.5571872395918231,-0.9860379848731505
14996.0,1.3360733959768818,-0.5571872395918231,-0.521705557240262
14997.0,-0.7420755230651997,0.07394609082159041,-0.11604596226709378
14998.0,-0.1496836472922846,0.07394609082159041,-0.13812036657344795
14999.0,1.8711370257072568,-1.058145946714099,-1.4045061455794914
15000.0,-0.7325208153914431,-1.058145946714099,-0.44715612233210095
15001.0,0.9204436121684655,-0.5571872395918231,-1.0958177188593483
15002.0,-0.4076607544837154,0.9303406571479473,1.0908650021887207
15003.0,1.297854565281855,0.48966298795922886,0.0854797349740959
15004.0,-0.2595627855404866,-1.058145946714099,0.21010813791612673
15005.0,-0.8853961381715503,3.0807148010694942,1.9577613713439783
15006.0,-0.718188753880808,-0.5571872395918231,-0.13373105534617402
15007.0,-0.20223453949794643,-1.058145946714099,-1.2667772475710835
15008.0,1.3312960421400033,-0.5571872395918231,-0.6699305302950667
15009.0,-0.9045055535190636,-0.20175138038774237,0.23259479261339652
15010.0,-0.7898490614339833,-1.058145946714099,-0.7800089792601994
15011.0,0.9299983198422221,-0.5571872395918231,-0.5647988873152774
15012.0,-0.703856692370173,-0.20175138038774237,-0.24847583194988282
15013.0,1.3695148728350302,1.0480979277381186,0.4101006497063589
15014.0,-0.7564075845758348,-0.5571872395918231,-0.9105342494720576
15015.0,1.4316204727144486,1.3460575542855853,0.68409888660506
15016.0,-0.13535158578164955,0.2992073267345332,-0.277338071171057
15017.0,-0.7994037691077399,-1.058145946714099,-1.42641038010503
15018.0,-0.7755169999233482,-0.20175138038774237,-0.4388479785989905
15019.0,0.3137196748849152,-1.058145946714099,-0.9242253077711912
15020.0,0.8487833046152902,-1.058145946714099,-1.0981300032903205
15021.0,-0.9188376150296986,1.2544959545938104,0.7273898901417251
15022.0,-0.9045055535190636,0.2992073267345332,0.15657618310861873
15023.0,-0.9475017380509687,1.8470162614078611,1.8334657063429818
15024.0,-0.9140602611928204,1.5859404542672264,0.9821549807047633
15025.0,-0.8041811229446183,-0.5571872395918231,0.05152396413119201
15026.0,-0.5796454926113359,0.2992073267345332,0.10066778465201959
15027.0,-0.813735830618375,1.0480979277381186,0.9043544995936651
15028.0,-0.923614968866577,0.48966298795922886,0.039015150793857506
15029.0,2.000125579302972,-1.058145946714099,-0.6598042998613918
15030.0,-0.6178643233063628,0.8001660338568091,0.5589363877820913
15031.0,-0.9427243842140904,1.4312993642702228,0.8831215421873408
15032.0,0.26116878267925336,0.8001660338568091,1.797121636816196
15033.0,-0.937947030377212,1.0480979277381186,0.7435368839899371
15034.0,-0.8853961381715503,1.4312993642702228,1.5871803850804114
15035.0,-0.5318719542425524,-1.058145946714099,-0.9244528617153356
15036.0,-0.6178643233063628,-0.20175138038774237,-0.5427378631506496
15037.0,0.8344512431046551,-0.5571872395918231,-0.5981216463545291
15038.0,-0.6799699231857812,0.9303406571479473,0.164857494813943
15039.0,-0.9140602611928204,3.698773764039586,2.712624556325441
15040.0,1.627491980026461,-1.058145946714099,-3.3767833689552575
15041.0,-0.1496836472922846,-0.5571872395918231,-0.8270141206202344
15042.0,-0.011140386022812485,-0.5571872395918231,-0.7650046542790995
15043.0,-0.813735830618375,0.48966298795922886,0.8268907186694185
15044.0,-0.8710640766609151,2.5129551665095216,2.0679954288521545
15045.0,-0.23567601635609486,-0.5571872395918231,-0.15508668881251844
15046.0,-0.9188376150296986,2.110890520920167,1.5318532238361933
15047.0,0.32805173639555024,-1.058145946714099,-0.7034491167854343
15048.0,-0.6513058001645111,0.07394609082159041,-0.6291163745435371
15049.0,0.3471611517430636,-1.058145946714099,-1.4520071791393732
15050.0,-0.842399953639645,0.2992073267345332,1.0819350960952308
15051.0,-0.8519546613134018,0.9303406571479473,1.0530656304635015
15052.0,0.5621420744025893,-1.058145946714099,-1.0653750373511754
15053.0,-0.937947030377212,-0.20175138038774237,-0.19715964688592358
15054.0,-0.9045055535190636,-0.5571872395918231,-0.7961172887121931
15055.0,1.3074092729556117,-0.20175138038774237,-0.3658537131314772
15056.0,1.5223901956151373,-1.058145946714099,-1.4978646553339363
15057.0,0.351938505579942,0.2992073267345332,0.9178574040724222
15058.0,-0.842399953639645,1.5859404542672264,0.946453915702169
15059.0,-0.7659622922495916,1.7867352234743035,0.9681961114462185
15060.0,-0.923614968866577,0.07394609082159041,-0.8150583335523904
15061.0,-0.9427243842140904,4.08022145124404,3.5587273127421275
15062.0,-0.622641677143241,0.8001660338568091,0.7515173852671028
15063.0,0.055742567693484395,-1.058145946714099,-0.6486523544257443
15064.0,0.996881273558519,0.07394609082159041,0.22971417290348267
15065.0,-0.7802943537602266,0.2992073267345332,0.9334021548433968
15066.0,-0.7086340462070513,-1.058145946714099,-0.01487919807913721
15067.0,-0.5892002002850927,0.2992073267345332,1.0412019158499484
15068.0,-0.7420755230651997,0.07394609082159041,0.1824860199926366
15069.0,-0.10668746276037945,-1.058145946714099,0.1411999445494112
15070.0,0.8201191815940201,-0.20175138038774237,-0.15372595569161088
15071.0,-0.5127625388950391,0.07394609082159041,0.33698907255564114
15072.0,1.326518688303125,-1.058145946714099,-1.138884317028629
15073.0,-0.9140602611928204,0.8001660338568091,0.8058987787161753
15074.0,-0.4602116466893772,-0.20175138038774237,0.38379135448201007
15075.0,-0.5892002002850927,-1.058145946714099,-0.11936754800267325
15076.0,-0.13535158578164955,-0.20175138038774237,0.33310326337537655
15077.0,1.4029563496931785,-0.5571872395918231,0.7061580355793092
15078.0,-0.9283923227034554,3.0139138736317976,2.1227372770207498
15079.0,0.055742567693484395,1.15560189306089,0.9954152286052375
15080.0,1.0828736426223293,-0.5571872395918231,-0.36962938684097196
15081.0,-0.8567320151502801,1.2544959545938104,0.5117544261979691
15082.0,2.2342159173100113,-1.058145946714099,-1.638529555566207
15083.0,0.2659461365161317,-1.058145946714099,-1.6790460157862055
15084.0,0.8535606584521686,-0.5571872395918231,0.04070553131182188
15085.0,2.5256345013595904,-1.058145946714099,-0.6952847622407142
15086.0,1.737371118274663,-0.5571872395918231,-1.0289606518456935
15087.0,0.3853799824380904,-1.058145946714099,-0.7846819388644144
15088.0,-0.8615093689871585,-0.5571872395918231,0.17332469065777847
15089.0,-0.9140602611928204,0.48966298795922886,0.7040033722099405
15090.0,0.5095911821969275,-1.058145946714099,-0.6285119537009435
15091.0,-0.6369737386538761,-0.20175138038774237,0.09909851454938513
15092.0,0.06529727536724109,-0.20175138038774237,-0.11617593299124054
15093.0,-0.8758414304977935,2.0119964593872464,1.9550169449088655
15094.0,1.2500810269130715,-0.5571872395918231,-1.7224021595980281
15095.0,-0.4649890005262556,1.0480979277381186,0.8920656879323621
15096.0,-0.7564075845758348,-1.058145946714099,-1.0261384377930873
15097.0,-0.9427243842140904,-0.20175138038774237,-0.003066785350994104
15098.0,-0.09235540124974441,-0.20175138038774237,2.726777108810291
15099.0,-0.5605360772638225,-1.058145946714099,-0.5754557047034348
15100.0,0.6338023819557645,0.654643185938614,0.6329817728760236
15101.0,-0.9188376150296986,0.48966298795922886,0.3479956188400133
15102.0,1.5749410878207992,-0.5571872395918231,-0.35860787506588515
15103.0,-0.813735830618375,-0.5571872395918231,-0.1874512642559241
15104.0,-0.020695093696569182,-0.5571872395918231,0.06157323853888095
15105.0,-0.8758414304977935,0.9303406571479473,0.8812517245238971
15106.0,-0.8758414304977935,0.2992073267345332,0.3204268280291095
15107.0,0.5239232437075625,0.9303406571479473,-0.07302832410027732
15108.0,-0.2834495547248783,0.07394609082159041,0.2556012387695944
15109.0,0.21339524431046988,-0.20175138038774237,0.05395591509797701
15110.0,-0.8471773074765234,0.48966298795922886,0.3614907739076461
15111.0,-0.8232905382921317,0.2992073267345332,0.7103920344222052
15112.0,1.957129394771067,-1.058145946714099,-1.0596228281262035
15113.0,-0.9140602611928204,-0.20175138038774237,0.9719544086594282
15114.0,-0.8185131844552533,1.2544959545938104,0.9491202346375434
15115.0,-0.8758414304977935,-0.5571872395918231,-0.388877533160342
15116.0,-0.8758414304977935,0.07394609082159041,0.28415189168913285
15117.0,-0.8901734920084285,0.8001660338568091,0.7231589384355552
15118.0,-0.3216683854199051,-1.058145946714099,-0.9473727634118669
15119.0,0.21339524431046988,-1.058145946714099,-0.8865748884992586
15120.0,-0.3216683854199051,-1.058145946714099,-0.6722938377193655
15121.0,-0.7229661077176863,-0.5571872395918231,-0.49700756823777387
15122.0,-0.4172154621574721,1.15560189306089,1.1493287101576395
15123.0,-0.9283923227034554,0.2992073267345332,1.175993556164721
15124.0,-0.8519546613134018,0.07394609082159041,-0.5079477119530832
15125.0,-0.842399953639645,2.062432694683636,2.1117199570545218
15126.0,1.6036052108420693,-0.5571872395918231,-0.5100756591011115
15127.0,-0.6465284463276328,-0.5571872395918231,-0.17915720954965583
15128.0,-0.6751925693489029,0.2992073267345332,0.4836371448342989
15129.0,-0.7229661077176863,2.0119964593872464,1.4556819134248054
15130.0,-0.1496836472922846,-1.058145946714099,-0.7323163178586279
15131.0,0.9252209660053438,-1.058145946714099,-1.74616248933651
15132.0,-0.8758414304977935,0.2992073267345332,0.050153764955330936
15133.0,-0.3503325084411752,0.2992073267345332,0.49296810783493084
15134.0,-0.8901734920084285,1.0480979277381186,0.40356409906160823
15135.0,0.17995376745232144,-0.5571872395918231,-0.7876415122788265
15136.0,-0.9475017380509687,0.07394609082159041,0.24804537272478946
15137.0,1.5271675494520156,-0.5571872395918231,-0.07385964781288079
15138.0,0.9204436121684655,-1.058145946714099,-0.42974501412551713
15139.0,0.1847311212891998,-0.5571872395918231,-1.172427373876095
15140.0,-0.7134114000439297,0.8001660338568091,0.9151329082653095
15141.0,1.2261942577286797,0.654643185938614,0.30295111950634657
15142.0,-0.7420755230651997,0.48966298795922886,0.7610263325175662
15143.0,0.11784816757290292,-0.5571872395918231,-0.34706144881116024
15144.0,-0.923614968866577,2.2876939305965793,1.8688428279530136
15145.0,-0.9427243842140904,0.07394609082159041,0.1945572229568572
15146.0,-0.17357041647667631,-0.5571872395918231,0.2703765011878522
15147.0,0.1847311212891998,-1.058145946714099,-0.27431497586877895
15148.0,-0.909282907355942,-1.058145946714099,-0.7980488775513297
15149.0,-0.3216683854199051,0.2992073267345332,0.3844784265930643
15150.0,-0.8806187843346719,1.3460575542855853,1.6498557921036758
15151.0,1.0589868734379375,-0.5571872395918231,0.5964602669998921
15152.0,-0.9140602611928204,1.4312993642702228,1.2645193736595701
15153.0,-0.813735830618375,-1.058145946714099,-0.7341935821688694
15154.0,-0.6035322617957277,-0.20175138038774237,0.2793208984533896
15155.0,0.8678927199628036,-1.058145946714099,-0.6235259486423043
15156.0,-0.9570564457247255,-0.20175138038774237,0.03792852626678941
15157.0,-0.9427243842140904,0.2992073267345332,0.770381737149802
15158.0,-0.7468528769020781,-0.5571872395918231,-0.2948074209038464
15159.0,-0.9522790918878471,2.478149591821275,2.300583480557532
15160.0,0.7436815202039665,0.07394609082159041,-0.3150054244381752
15161.0,0.8917794891471953,-1.058145946714099,-1.4594307250614045
15162.0,2.5304118551964687,-1.058145946714099,-0.770844823680645
15163.0,-0.8758414304977935,-0.5571872395918231,-0.7904951099000312
15164.0,-0.6321963848169978,0.9303406571479473,0.5762898473544198
15165.0,0.8201191815940201,-1.058145946714099,-0.4512355559021256
15166.0,1.2739677960974631,-1.058145946714099,-1.2213809132392477
15167.0,0.571696782076346,0.2992073267345332,0.4175853401048149
15168.0,-0.8376225998027668,-1.058145946714099,-1.5439427730160487
15169.0,0.8631153661259252,-0.5571872395918231,-0.3399502714502419
15170.0,0.9825492120478839,-1.058145946714099,-1.738477270712033
15171.0,0.6194703204451295,-1.058145946714099,0.2496132290059695
15172.0,-0.9188376150296986,0.2992073267345332,0.41600132419393265
15173.0,0.8583380122890469,0.654643185938614,0.35608144457277746
15174.0,0.5812514897501027,-0.5571872395918231,-0.4605854829945111
15175.0,-0.6178643233063628,-1.058145946714099,-1.0107463417440115
15176.0,2.229438563473133,-1.058145946714099,0.057570301733414236
15177.0,1.0733189349485726,-1.058145946714099,0.02844702168998185
15178.0,0.28027819802676673,-1.058145946714099,-2.2313810449791185
15179.0,-0.8758414304977935,1.3460575542855853,1.51926003651044
15180.0,0.79145505857275,-0.20175138038774237,-0.07954700826214606
15181.0,-0.6465284463276328,0.2992073267345332,0.19785178265437006
15182.0,-0.22612130868233815,1.15560189306089,0.8585244902403724
15183.0,1.656156103047731,-0.20175138038774237,-0.25556984420320233
15184.0,-0.8232905382921317,0.07394609082159041,-0.20610594545720334
15185.0,-0.6274190309801194,-1.058145946714099,-0.7761069373155215
15186.0,-0.8949508458453069,0.2992073267345332,0.31056307638775255
15187.0,-0.9522790918878471,1.5859404542672264,1.194509749710965
15188.0,2.5017477321751986,-1.058145946714099,-0.7765471832623283
15189.0,-0.9570564457247255,2.842379197713229,2.1325924986353995
15190.0,1.1115377656435994,-1.058145946714099,-0.06425737802940093
15191.0,1.2500810269130715,-0.20175138038774237,-0.31649888230209167
15192.0,-0.388551339136202,0.2992073267345332,0.434567462380452
15193.0,-0.6704152155120245,-1.058145946714099,-0.434347067004943
15194.0,-0.9475017380509687,2.245808014503504,1.8605582375433023
15195.0,-0.9475017380509687,-1.058145946714099,1.0408506187604045
15196.0,1.106760411806721,-0.5571872395918231,-0.7690075218955857
15197.0,-0.909282907355942,0.48966298795922886,0.5206235335436618
15198.0,-0.5223172465687957,0.2992073267345332,-0.33725897250022097
15199.0,-0.6799699231857812,1.0480979277381186,0.8876328901300631
15200.0,1.4029563496931785,-1.058145946714099,-0.3659455681511647
15201.0,-0.5462040157531874,0.654643185938614,0.507219953107632
15202.0,1.0446548119273025,-0.20175138038774237,1.3591696535250708
15203.0,-0.8376225998027668,1.5110377522649707,1.1351847199653258
15204.0,0.7436815202039665,-1.058145946714099,-0.7624316900530902
15205.0,-0.5557587234269442,-0.5571872395918231,-0.24073335241333083
15206.0,-0.9140602611928204,0.07394609082159041,-0.5584315332805638
15207.0,1.0255453965797892,-0.20175138038774237,-0.207653501944946
15208.0,-0.9570564457247255,0.48966298795922886,0.04466909968068471
15209.0,2.5256345013595904,-1.058145946714099,-1.172347157223338
15210.0,0.11307081373602457,-0.20175138038774237,0.18327745611417248
15211.0,-0.6751925693489029,-0.5571872395918231,-0.01421785699348348
15212.0,0.18950847512607816,-0.5571872395918231,-1.063475530252769
15213.0,0.5621420744025893,-0.5571872395918231,-0.7361634032645188
15214.0,-0.9522790918878471,0.8001660338568091,0.43242137149893384
15215.0,-0.7372981692283215,0.654643185938614,0.7044771163043883
15216.0,-0.5414266619163092,-0.5571872395918231,-0.45369136465620163
15217.0,1.7278164106009062,-1.058145946714099,-0.5483253802158725
15218.0,-0.909282907355942,1.9594133665673954,1.8265872933870704
15219.0,-0.12101952427101449,-0.5571872395918231,-0.20604285030704275
15220.0,-0.7134114000439297,0.48966298795922886,0.4817255703342736
15221.0,0.7866777047358717,0.07394609082159041,0.5883161789580227
15222.0,0.5621420744025893,1.15560189306089,0.9804337041903141
15223.0,0.11784816757290292,0.2992073267345332,0.318105773536603
15224.0,0.7484588740408449,0.2992073267345332,-0.03304283323178284
15225.0,0.15606699826792972,-1.058145946714099,-0.577352761114911
15226.0,0.5239232437075625,-1.058145946714099,-1.2782965388421559
15227.0,-0.7850717075971049,0.9303406571479473,0.7238899844478579
15228.0,-0.6465284463276328,0.48966298795922886,1.306650754594831
15229.0,1.8376955488491082,-1.058145946714099,-1.2505505971321542
15230.0,0.17995376745232144,-0.5571872395918231,-0.5426708066640861
15231.0,2.0049029331398507,-1.058145946714099,-0.9315141231441472
15232.0,-0.42199281599435046,-0.5571872395918231,-0.28766053530086694
15233.0,0.9538850890266138,-1.058145946714099,-1.9604815351657667
15234.0,0.3614932132536987,-1.058145946714099,-1.1034692453720014
15235.0,0.07962933687787613,1.5859404542672264,0.8019384759358914
15236.0,0.4665949976650223,-1.058145946714099,-0.752342636655146
15237.0,-0.9522790918878471,0.07394609082159041,0.31523605722138154
15238.0,-0.8232905382921317,-0.20175138038774237,0.11637750045387808
15239.0,-0.9140602611928204,-0.5571872395918231,-0.11235160021017324
15240.0,-0.7468528769020781,1.2544959545938104,1.1449263771232043
15241.0,-0.6417510924907545,1.15560189306089,0.8707418578810507
15242.0,1.0542095196010592,-1.058145946714099,-0.7962601922430175
15243.0,-0.608309615632606,-0.5571872395918231,0.011805323540392623
15244.0,-0.6513058001645111,-0.20175138038774237,-0.00011201838853924706
15245.0,-0.3216683854199051,0.8001660338568091,1.1689332996061672
15246.0,0.1751764136154431,-0.20175138038774237,-0.11252709412248618
15247.0,-0.3789966314624453,-0.20175138038774237,0.0487735721444765
15248.0,1.0016586273953973,-0.20175138038774237,0.526905608258855
15249.0,-0.8089584767814967,1.7233615276208618,1.672649629851913
15250.0,2.1004500098774175,-1.058145946714099,-1.9533464238660576
15251.0,-0.9188376150296986,1.9044924940644754,2.2395879265276957
15252.0,-0.7898490614339833,0.2992073267345332,0.6025917782935537
15253.0,-0.8853961381715503,0.8001660338568091,0.585824383920229
15254.0,-0.3551098622780536,-0.20175138038774237,0.12730025705919887
15255.0,-0.6417510924907545,0.9303406571479473,1.0112867436149795
15256.0,-0.2500080778667299,-0.5571872395918231,-1.2076054466379582
15257.0,0.3901573362749688,-0.5571872395918231,-0.205569812394324
15258.0,-0.15446100112916294,-0.5571872395918231,-0.27470807255283486
15259.0,1.488948718756989,0.07394609082159041,0.18706309699763668
15260.0,-0.48409841587376895,2.110890520920167,1.6327557574805613
15261.0,-0.3168910315830268,0.07394609082159041,0.36251995890919453
15262.0,0.586028843586981,-0.20175138038774237,-0.5609717388045524
15263.0,-0.45065693901562054,-1.058145946714099,-1.2686080254191403
15264.0,-0.6560831540013895,-0.5571872395918231,-0.05229544560718851
15265.0,-0.2404533701929732,0.07394609082159041,0.9374641803751147
15266.0,0.652911797303278,0.2992073267345332,-0.04906490523384038
15267.0,-0.8567320151502801,0.2992073267345332,0.45630234054491153
15268.0,1.326518688303125,-0.20175138038774237,0.03823594462836931
15269.0,-0.8471773074765234,-0.20175138038774237,0.21281485815776582
15270.0,-0.8853961381715503,1.9044924940644754,1.612480946889532
15271.0,-0.9283923227034554,2.062432694683636,1.1559356609517502
15272.0,-0.689524630859538,0.48966298795922886,0.5772994341389581
15273.0,1.9045785025654052,-1.058145946714099,-0.995455862620915
15274.0,-0.9427243842140904,-0.5571872395918231,-0.17403901093440607
15275.0,-0.7802943537602266,-1.058145946714099,-0.2840431586915507
15276.0,-0.6465284463276328,0.07394609082159041,-0.2786043474109645
15277.0,-0.7372981692283215,-0.5571872395918231,-0.4682866756344441
15278.0,1.723039056764028,0.07394609082159041,-0.4389205702449273
15279.0,0.7341268125302098,0.2992073267345332,0.3964112104648453
15280.0,-0.14012893961852788,-0.20175138038774237,-0.5985562216530814
15281.0,-0.6799699231857812,1.5859404542672264,1.614063266288824
15282.0,1.7612578874590548,-1.058145946714099,-0.6931134715125192
15283.0,0.9013341968209521,-0.20175138038774237,-1.3071034307651148
15284.0,1.4268431188775703,-1.058145946714099,-2.575880549474929
15285.0,0.9873265658847623,-1.058145946714099,-1.62661703006907
15286.0,-0.7229661077176863,-1.058145946714099,-0.9599627022841772
15287.0,-0.8567320151502801,0.2992073267345332,-0.04584033621069345
15288.0,-0.7564075845758348,1.0480979277381186,1.013107022236618
15289.0,-0.8232905382921317,0.2992073267345332,0.40211654011769576
15290.0,-0.937947030377212,2.1575193073054413,1.7626303558241
15291.0,-0.8376225998027668,2.6736379125253507,1.9452259281421718
15292.0,-0.0015856783490557876,-1.058145946714099,-1.1747173039612457
15293.0,2.219883855799376,-1.058145946714099,-0.9394870293798782
15294.0,1.0016586273953973,-1.058145946714099,-0.9818058178171168
15295.0,2.162555609756836,-1.058145946714099,-1.0677651462550475
15296.0,-0.718188753880808,1.2544959545938104,1.7506176769256372
15297.0,-0.9140602611928204,-0.20175138038774237,-0.2533096798889621
15298.0,-0.9522790918878471,2.0119964593872464,1.6565637379219142
15299.0,-0.6417510924907545,1.0480979277381186,1.3775772742557768
15300.0,-0.6560831540013895,-1.058145946714099,-0.4385141510229584
15301.0,-0.718188753880808,1.6565606001831652,1.460869814565051
15302.0,2.5256345013595904,-1.058145946714099,-0.7822015029226611
15303.0,0.4235988131331172,-0.20175138038774237,0.21211998152209458
15304.0,-0.6704152155120245,0.9303406571479473,-0.09789614885537183
15305.0,1.6895975799058796,-1.058145946714099,-1.6366194471504802
15306.0,-0.6560831540013895,0.9303406571479473,0.9668575372498639
15307.0,-0.5032078312212823,-1.058145946714099,-1.0738277557001679
15308.0,0.3471611517430636,-1.058145946714099,-0.7764544775888543
15309.0,1.957129394771067,0.07394609082159041,-0.09648537126757008
15310.0,1.326518688303125,-1.058145946714099,0.42069002615710366
15311.0,-0.9570564457247255,4.685999968399436,3.4903529189154034
15312.0,-0.6035322617957277,1.2544959545938104,0.8417868476868631
15313.0,-0.4363248775049855,-1.058145946714099,-2.054822629893429
15314.0,-0.011140386022812485,-0.20175138038774237,-0.07644724625765088
15315.0,-0.6560831540013895,-0.5571872395918231,-0.33833176216611116
15316.0,0.6003609050976161,-1.058145946714099,-1.230712811383119
15317.0,2.272434748005038,-1.058145946714099,-1.4030140195016694
15318.0,-0.9427243842140904,-1.058145946714099,-0.771488985738138
15319.0,0.3949346901118471,-1.058145946714099,-1.0766323422263144
15320.0,-0.7516302307389565,-1.058145946714099,-0.88460698419059
15321.0,-0.622641677143241,1.2544959545938104,1.4396777247097345
15322.0,-0.5509813695900658,-0.5571872395918231,0.30419165769990947
15323.0,1.7278164106009062,-0.20175138038774237,-0.5343374244619654
15324.0,2.3870912400901183,-1.058145946714099,-1.3474101502379532
15325.0,-0.4649890005262556,0.8001660338568091,0.40589669505588194
15326.0,0.6338023819557645,0.2992073267345332,0.449193490026865
15327.0,-0.7086340462070513,-1.058145946714099,-1.0618562665707199
15328.0,0.9873265658847623,-1.058145946714099,-1.5393936931461893
15329.0,-0.7755169999233482,1.15560189306089,0.8488054492744279
15330.0,-0.8089584767814967,-0.5571872395918231,-0.17566038762364986
15331.0,1.4268431188775703,-0.20175138038774237,-0.1241581177676803
15332.0,0.7866777047358717,0.48966298795922886,1.2117505444285686
15333.0,0.03185579850909265,-1.058145946714099,0.08655322329165258
15334.0,-0.2117892471717031,-0.20175138038774237,-0.6885236158843884
15335.0,-0.703856692370173,-1.058145946714099,-1.2083638923258362
15336.0,0.9586624428634922,-1.058145946714099,-0.9601121339272096
15337.0,1.0016586273953973,-1.058145946714099,-0.6443551611843233
15338.0,2.272434748005038,-1.058145946714099,-0.8561027172135502
15339.0,-0.6465284463276328,0.654643185938614,0.4985838154212023
15340.0,1.723039056764028,-1.058145946714099,-1.5510916618898178
15341.0,-0.5748681387744575,-0.5571872395918231,0.6985824001759298
15342.0,-0.34077780076741854,-1.058145946714099,-0.5831981387080187
15343.0,-0.5462040157531874,-1.058145946714099,-0.6609882742368848
15344.0,-0.9570564457247255,-0.20175138038774237,-0.34666524996410064
15345.0,-0.7420755230651997,-1.058145946714099,-0.6058013373423449
15346.0,0.6290250281188862,-0.20175138038774237,-0.30667692703611177
15347.0,0.7866777047358717,0.07394609082159041,0.17452356276575806
15348.0,-0.6178643233063628,-1.058145946714099,-1.2616302474357401
15349.0,-0.20701189333482475,-0.5571872395918231,-0.48733228310193105
15350.0,0.8201191815940201,-0.5571872395918231,-0.36785091280851157
15351.0,-0.9045055535190636,1.0480979277381186,0.9554803425927253
15352.0,1.6609334568846095,-1.058145946714099,-1.513778649745481
15353.0,0.25639142884237504,0.654643185938614,0.8075661834968835
15354.0,1.9189105640760402,-0.20175138038774237,-0.839550551550318
15355.0,-0.8232905382921317,-0.5571872395918231,-0.8583836268754667
15356.0,-0.813735830618375,1.3460575542855853,0.9142157705893061
15358.0,-0.937947030377212,2.7324831383346417,2.0858668001461513
15359.0,2.2055517942887413,0.8001660338568091,-1.1629040504989232
15360.0,-0.7707396460864698,-1.058145946714099,-0.5454757276414358
15361.0,0.7675682893883583,0.07394609082159041,-0.20224627780306612
15362.0,1.1831980731967746,-0.5571872395918231,-0.2864605641327285
15363.0,0.8201191815940201,-0.5571872395918231,-0.21380271426888553
15364.0,-0.5032078312212823,-0.5571872395918231,0.0007649520625121586
15365.0,-0.8376225998027668,1.3460575542855853,1.160477457670567
15366.0,-0.6035322617957277,0.654643185938614,0.6944746853692805
15367.0,-0.689524630859538,1.15560189306089,1.2390539211987928
15368.0,-0.8615093689871585,-0.5571872395918231,-0.16785891709819714
15369.0,1.3886242881825435,1.15560189306089,1.388597644686218
15370.0,-0.7659622922495916,0.8001660338568091,1.0176821287819744
15371.0,2.200774440451863,-1.058145946714099,-1.9604815351657667
15372.0,-0.30733632390927007,0.8001660338568091,1.3610395999692406
15373.0,-0.923614968866577,1.6565606001831652,0.8788298398702227
15374.0,-0.34555515460429687,-0.5571872395918231,-0.7837917455582789
15375.0,2.3345403478844564,-1.058145946714099,-1.9420749461897804
15376.0,-0.7707396460864698,-0.20175138038774237,0.21057472414927697
15377.0,0.8678927199628036,0.07394609082159041,0.20475929516641636
15378.0,1.2500810269130715,-0.5571872395918231,-0.9423976363440704
15379.0,-0.15446100112916294,0.8001660338568091,1.2095582831198435
15380.0,-0.9188376150296986,1.15560189306089,0.9163043470829871
15381.0,0.06051992153036274,0.2992073267345332,0.5256245582540838
15382.0,-0.8901734920084285,1.2544959545938104,1.9566569692637636
15384.0,-0.1496836472922846,0.07394609082159041,0.5761760025301567
15385.0,-0.7707396460864698,-0.20175138038774237,0.02322300914611297
15386.0,-0.07324598590223101,-1.058145946714099,-0.6047044428716795
15387.0,1.3886242881825435,-1.058145946714099,-0.480010117801921
15388.0,0.32805173639555024,-1.058145946714099,-1.3457763579454016
15389.0,-0.14012893961852788,0.2992073267345332,0.7917278407928964
15390.0,0.9299983198422221,-0.5571872395918231,0.2076758301607081
15391.0,1.8281408411753517,-1.058145946714099,-0.8258468146797646
15392.0,-0.937947030377212,0.654643185938614,0.8371992858579704
15393.0,-0.8853961381715503,0.2992073267345332,-0.016696971963700655
15394.0,-0.9140602611928204,1.15560189306089,1.2676618037322758
15395.0,0.5955835512607377,-1.058145946714099,-1.5379946045609694
15396.0,-0.42199281599435046,-0.5571872395918231,-0.0979142536610281
15397.0,0.4235988131331172,-1.058145946714099,-1.6335737483318549
15398.0,-0.8853961381715503,-0.5571872395918231,0.28029183142568465
15399.0,-0.9570564457247255,-0.20175138038774237,-0.0805714438374694
15400.0,-0.5223172465687957,0.8001660338568091,0.2567375201857372
15401.0,1.1975301347074097,-0.5571872395918231,-1.0341745845800314
15402.0,-0.2500080778667299,0.48966298795922886,0.502345534325294
15403.0,1.3886242881825435,-0.5571872395918231,-1.2055868122323832
15404.0,0.8344512431046551,-1.058145946714099,-0.9122384904856817
15405.0,-0.05891392439159597,-0.5571872395918231,-0.23348799087965919
15406.0,-0.813735830618375,0.07394609082159041,0.04863319084651834
15407.0,-0.7994037691077399,0.07394609082159041,0.09918808225072635
15408.0,0.29938761337428016,-1.058145946714099,-0.8844723923405061
15409.0,2.482638316827685,-1.058145946714099,-1.3947801330828695
15410.0,-0.5605360772638225,1.0480979277381186,1.180559135229983
15411.0,-0.8376225998027668,0.07394609082159041,0.2821121601289249
15412.0,-0.14490629345540623,-1.058145946714099,-1.1274502827000275
15413.0,2.3440950555582134,0.2992073267345332,1.4491868884398384
15414.0,-0.9140602611928204,-0.20175138038774237,-0.11762576364884848
15415.0,0.5334779513813193,-1.058145946714099,-0.35221904564869305
15416.0,-0.6513058001645111,0.654643185938614,1.162957873522522
15417.0,-0.5557587234269442,-1.058145946714099,-0.42079789454660144
15418.0,1.0685415811116943,-0.5571872395918231,-0.510187830280337
15419.0,-0.842399953639645,-1.058145946714099,-1.3700470515714385
15420.0,1.1115377656435994,0.48966298795922886,-0.14793005286491176
15421.0,-0.6799699231857812,1.0480979277381186,1.030371756765486
15422.0,0.5812514897501027,0.654643185938614,0.41418675366681085
15423.0,-0.7802943537602266,-0.20175138038774237,-0.8852533746363151
15424.0,0.25161407500549665,-0.20175138038774237,-0.30467301730944013
15425.0,0.9491077351897356,0.07394609082159041,0.5446613601857251
15426.0,-0.8710640766609151,0.9303406571479473,0.6205259754680269
15427.0,-0.8041811229446183,-0.20175138038774237,0.3244821461033341
15428.0,-0.8901734920084285,0.07394609082159041,-0.1290184971680657
15429.0,-0.8328452459658884,-0.5571872395918231,-0.5988642041978055
15430.0,1.2739677960974631,-0.5571872395918231,0.03285601064612136
15431.0,1.4411751803882054,-1.058145946714099,-1.2837513723094391
15432.0,-0.8519546613134018,-0.5571872395918231,-0.7529929234894429
15433.0,0.06051992153036274,-0.5571872395918231,-0.38691594670988333
15434.0,-0.923614968866577,1.15560189306089,0.746319307277013
15435.0,-0.8567320151502801,-1.058145946714099,-1.3024778467691365
15436.0,-0.9045055535190636,-0.20175138038774237,0.11351948660861252
15437.0,0.28983290570052345,-0.5571872395918231,-0.6059660153729916
15438.0,-0.33600044693054015,-1.058145946714099,-1.2682873039156475
15439.0,0.9729945043741273,0.07394609082159041,0.23808310606806157
15440.0,-0.6990793385332946,-0.20175138038774237,-0.6240699116882168
15441.0,0.9299983198422221,-0.20175138038774237,0.22959916871318445
15442.0,0.22772730582110493,-1.058145946714099,-0.30924425290473484
15443.0,-0.9522790918878471,1.4312993642702228,1.2437115598029493
15444.0,-0.9188376150296986,-0.5571872395918231,0.314668920549175
15445.0,0.29938761337428016,-0.5571872395918231,-0.8392976772968673
15446.0,0.8392285969415335,-0.20175138038774237,-0.5945283360292777
15447.0,0.6194703204451295,0.2992073267345332,-0.44369860052792537
15448.0,0.5334779513813193,-0.5571872395918231,-0.1047997445220964
15449.0,-0.8376225998027668,-0.20175138038774237,0.04763495786378668
15450.0,-0.8185131844552533,-1.058145946714099,-0.5422685985096836
15451.0,1.1115377656435994,-0.5571872395918231,-1.002077909208721
15452.0,-0.8185131844552533,0.48966298795922886,0.48421528934035113
15453.0,-0.9522790918878471,0.654643185938614,0.29422291316266
15454.0,0.7675682893883583,-0.5571872395918231,-0.7869122370030189
15455.0,1.8950237948916484,-1.058145946714099,-2.2716172554394487
15456.0,0.3901573362749688,1.0480979277381186,0.5985018476537457
15457.0,0.28983290570052345,-1.058145946714099,-0.9704377071369897
15458.0,-0.842399953639645,-0.5571872395918231,-0.6493516135022069
15459.0,1.0303227504166674,-0.5571872395918231,-1.0825222698414385
15460.0,0.7293494586933315,-1.058145946714099,-1.0431390426652016
15461.0,1.2405263192393148,-0.5571872395918231,-0.5425031926962853
15462.0,-0.5127625388950391,0.07394609082159041,-0.15372595569161088
15463.0,-0.8232905382921317,-1.058145946714099,-1.4232239919299334
15464.0,0.652911797303278,-1.058145946714099,0.09774676051053487
15465.0,-0.8662867228240368,2.4054512011867506,1.8652781069325606
15466.0,-0.5557587234269442,0.07394609082159041,0.38718783499261006
15467.0,-0.9188376150296986,-0.20175138038774237,-0.398381797030217
15468.0,-0.718188753880808,-0.20175138038774237,0.32445189149599535
15469.0,-0.7229661077176863,-0.20175138038774237,-0.030655470721298816
15470.0,1.7899220104803248,-1.058145946714099,-1.913970420045894
15471.0,-0.9522790918878471,-0.20175138038774237,0.2510158113364213
15472.0,-0.42199281599435046,-1.058145946714099,-0.6471783616052309
15473.0,-0.8949508458453069,0.8001660338568091,0.5826260912501647
15474.0,1.8854690872178919,-1.058145946714099,-1.297404630540225
15475.0,-0.593977554121971,-1.058145946714099,-0.5027106382343696
15476.0,0.8535606584521686,0.07394609082159041,0.6382506729301685
15477.0,2.1434461944093224,-1.058145946714099,-0.6533269280154137
15478.0,-0.7707396460864698,-0.20175138038774237,0.5602360996321131
15479.0,2.5399665628702257,-1.058145946714099,-1.311612910253152
15480.0,-0.4076607544837154,0.2992073267345332,1.3917931711744784
15481.0,0.9538850890266138,-1.058145946714099,0.5638136698279478
15482.0,-0.8853961381715503,1.7867352234743035,1.9917291067931315
15483.0,-0.1926798318241897,1.0480979277381186,-0.07876200339028575
15484.0,-0.9570564457247255,0.48966298795922886,1.1753624581510342
15485.0,-0.8185131844552533,0.654643185938614,1.199588868692492
15486.0,1.5558316724732857,-1.058145946714099,-1.5752123158789297
15487.0,2.2867668095156732,-1.058145946714099,-0.9880857296481653
15488.0,-0.5175398927319174,0.2992073267345332,-0.5387921505050204
15489.0,-0.8519546613134018,0.8001660338568091,0.703636677514289
15490.0,1.0924283502960859,-1.058145946714099,-1.054665305519486
15491.0,-0.5079851850581607,0.48966298795922886,0.882458462602044
15492.0,-0.82806789212901,-0.5571872395918231,-0.23390318082322656
15493.0,-0.8041811229446183,0.9303406571479473,1.087999264100456
15494.0,-0.8615093689871585,0.2992073267345332,1.0106204951140028
15495.0,0.8487833046152902,-1.058145946714099,-0.9423976363440704
15496.0,2.052676471508634,-1.058145946714099,-1.317767818167038
15497.0,-0.8758414304977935,0.9303406571479473,1.6236150920389805
15498.0,-0.9475017380509687,2.7886526377188545,2.388249772064676
15499.0,2.4969703783383204,-1.058145946714099,-1.258866956697534
15500.0,-0.923614968866577,0.07394609082159041,0.15537897105446635
15501.0,0.9729945043741273,-0.5571872395918231,-0.5941681865648566
15502.0,-0.8853961381715503,1.4312993642702228,1.9172518226068684
15503.0,0.7723456432252367,-0.5571872395918231,-0.9115674892297476
15504.0,-0.5748681387744575,0.07394609082159041,-0.58923426749794
15505.0,-0.7086340462070513,0.2992073267345332,0.9925352302309828
15506.0,-0.8519546613134018,0.48966298795922886,0.577079151842926
15507.0,-0.14012893961852788,-1.058145946714099,-0.4690128928065034
15508.0,-0.05891392439159597,0.48966298795922886,0.06644136854958427
15509.0,0.8535606584521686,-1.058145946714099,-1.2876461877121088
15510.0,0.6194703204451295,-1.058145946714099,-0.9322614480337581
15511.0,-0.9045055535190636,0.2992073267345332,-0.009301038489738588
15512.0,-0.21656660100858147,0.07394609082159041,-0.7291187672783519
15513.0,-0.8041811229446183,2.5129551665095216,2.4293757092787134
15514.0,-0.9045055535190636,1.7233615276208618,1.4046728094024628
15515.0,0.887002135310317,-1.058145946714099,-1.2016917000469305
15516.0,-0.7468528769020781,-0.20175138038774237,-1.9251495445989173
15517.0,0.15128964443105136,-1.058145946714099,-0.8848762432018785
15518.0,-0.6560831540013895,1.5110377522649707,1.099861482875035
15519.0,0.8678927199628036,-0.5571872395918231,-0.7013784686141246
15520.0,-0.9522790918878471,-1.058145946714099,-0.7037005085510672
15521.0,-0.7707396460864698,1.5859404542672264,1.4803022903985072
15522.0,-0.8041811229446183,-0.5571872395918231,-0.5977054237261589
15523.0,-0.5605360772638225,1.5859404542672264,2.1215864586795723
15524.0,-0.842399953639645,-0.5571872395918231,-0.3124053777608613
15525.0,-0.9522790918878471,0.07394609082159041,-0.01760352873919292
15526.0,-0.8041811229446183,-0.5571872395918231,-1.306571909836053
15527.0,-0.8710640766609151,2.0119964593872464,1.3033608556135468
15528.0,0.25161407500549665,-1.058145946714099,-0.994295389915929
15529.0,-0.8519546613134018,1.2544959545938104,1.1954880064200681
15530.0,-0.8567320151502801,0.2992073267345332,0.493678448284112
15531.0,-0.923614968866577,-0.5571872395918231,0.5561909386492734
15532.0,-0.842399953639645,1.0480979277381186,1.0176512477954653
15533.0,-0.8710640766609151,-0.20175138038774237,-0.08785490763229735
15534.0,2.506525086012077,-1.058145946714099,-1.2427709885816607
15535.0,-0.13535158578164955,0.48966298795922886,0.09755344597987085
15536.0,0.9921039197216407,-1.058145946714099,-0.9065825164172551
15537.0,-0.18312512415043303,-1.058145946714099,-1.5152605157212868
15538.0,1.6083825646789476,0.48966298795922886,0.9402111237760019
15539.0,-0.9283923227034554,-1.058145946714099,-0.37997832723242636
15540.0,-0.909282907355942,-0.5571872395918231,-0.4923647546101786
15541.0,-0.4172154621574721,-1.058145946714099,-1.7043268374389708
15542.0,1.4841713649201105,-0.20175138038774237,-0.04610990505823643
15543.0,0.4140441054593605,-0.5571872395918231,-0.9548706718076079
15544.0,-0.9188376150296986,1.8470162614078611,1.5490746672455113
15545.0,-0.703856692370173,-0.5571872395918231,-0.8280837374608855
15546.0,1.9380199794235535,-0.5571872395918231,0.12114481324551885
15547.0,-0.9283923227034554,2.1575193073054413,1.7317772913520113
15548.0,1.8854690872178919,-1.058145946714099,-1.2614033497665371
15549.0,-0.593977554121971,0.8001660338568091,0.6776947275008868
15550.0,-0.9427243842140904,1.2544959545938104,0.6385999166081883
15551.0,-0.7850717075971049,0.654643185938614,0.44035385771115326
15552.0,0.07485198304099779,-0.5571872395918231,-0.9250505323470535
15553.0,-0.6751925693489029,-1.058145946714099,-0.5437948253400575
15554.0,0.36627056709057704,-1.058145946714099,-1.0333470830001328
15555.0,-0.9045055535190636,2.5468070428147276,1.8122917999167267
15556.0,-0.8471773074765234,-1.058145946714099,-0.851356706296711
15557.0,-0.8232905382921317,-1.058145946714099,-0.4796106208298182
15558.0,2.090895302203661,-1.058145946714099,-1.0830536650820644
15559.0,1.751703179785298,-1.058145946714099,0.141115441353463
15560.0,0.9395530275159788,-0.5571872395918231,-1.282442185049753
15561.0,-0.9045055535190636,0.8001660338568091,0.5421556708420374
15562.0,0.7197947510195748,-0.20175138038774237,-0.22093807193739073
15563.0,-0.8567320151502801,0.654643185938614,0.8241554154011098
15564.0,1.2500810269130715,-0.5571872395918231,-1.836283999749173
15565.0,-0.7229661077176863,-0.5571872395918231,-1.196074644920171
15566.0,0.9156662583315871,-0.5571872395918231,-0.9988854364875294
15567.0,-0.8710640766609151,-1.058145946714099,-1.144689277982323
15568.0,-0.9475017380509687,-0.20175138038774237,-0.13324605388525781
15569.0,-0.4649890005262556,1.0480979277381186,0.9870164708427238
15570.0,-0.9283923227034554,2.110890520920167,1.6301795326815773
15571.0,-0.9045055535190636,1.4312993642702228,1.0466864558600968
15572.0,-0.937947030377212,1.0480979277381186,1.0600680842397512
15573.0,-0.8089584767814967,0.2992073267345332,0.19073796204595292
15574.0,-0.1114648165972578,0.48966298795922886,0.1359223067446423
15575.0,2.000125579302972,-1.058145946714099,-2.4396184813584476
15576.0,-0.7802943537602266,-1.058145946714099,0.007195022146610304
15577.0,-0.2404533701929732,0.2992073267345332,-0.6012600800799165
15578.0,-0.18790247798731138,-1.058145946714099,-1.4177941248655106
15579.0,-0.6321963848169978,0.2992073267345332,0.22753748823696834
15580.0,0.8392285969415335,0.8001660338568091,0.29612387525866823
15581.0,-0.38377398529932366,2.611849228042442,1.518149404702646
15582.0,-0.842399953639645,-0.20175138038774237,-0.20871871526857103
15583.0,0.8344512431046551,-1.058145946714099,-1.6188328118371789
15584.0,-0.8471773074765234,0.48966298795922886,0.23759984909088736
15585.0,-0.11624217043413615,-1.058145946714099,-0.5008256958889049
15586.0,1.8711370257072568,-0.20175138038774237,0.1601686138249523
15587.0,-0.7229661077176863,0.654643185938614,0.3692238935715366
15588.0,2.2772121018419162,-1.058145946714099,-0.32692861052319105
15589.0,0.26116878267925336,-0.20175138038774237,-0.4649825497391486
15590.0,0.8631153661259252,0.2992073267345332,0.35704607060046156
15591.0,1.8233634873384732,-0.20175138038774237,-1.0310351126669024
15592.0,-0.7372981692283215,-1.058145946714099,-0.6149334148734397
15593.0,-0.622641677143241,-1.058145946714099,-1.093333057061689
15594.0,-0.8853961381715503,0.2992073267345332,0.4788079668966346
15595.0,1.3695148728350302,-1.058145946714099,-0.6747454200706682
15596.0,-0.4793210620368906,0.9303406571479473,0.7901212847740102
15597.0,-0.7946264152708616,-0.5571872395918231,-0.3473939123826068
15598.0,-0.7086340462070513,-0.5571872395918231,-0.3672985022740555
15599.0,-0.8328452459658884,-0.20175138038774237,0.2272086877462188
15600.0,1.0828736426223293,0.07394609082159041,0.1973167623312375
15601.0,-0.909282907355942,2.3282062876889484,1.9803445351552031
15602.0,-0.923614968866577,1.5859404542672264,0.8912199374724309
15603.0,-0.5844228464482143,-0.5571872395918231,-1.676783731935924
15604.0,-0.7134114000439297,-1.058145946714099,-1.0360316377818888
15605.0,-0.7898490614339833,0.9303406571479473,0.466558623416844
15606.0,-0.6704152155120245,1.6565606001831652,1.2600027753501384
15607.0,0.6481344434663996,0.9303406571479473,0.45276933059129526
15608.0,-0.82806789212901,0.2992073267345332,0.4845668011803108
15609.0,-0.08280069357598771,-1.058145946714099,-0.8047901766378472
15610.0,-0.7134114000439297,-1.058145946714099,-1.5053959775543237
15611.0,-0.9140602611928204,2.1575193073054413,0.8581220719820121
15612.0,-0.7898490614339833,-0.5571872395918231,-1.1102453177924392
15613.0,1.9523520409341886,-1.058145946714099,-0.5357971409333182
15614.0,1.1306471809911127,0.07394609082159041,0.8933783142743092
15615.0,-0.9140602611928204,2.8683910257136036,2.275926549733727
15616.0,1.1306471809911127,-1.058145946714099,-0.7612280538478234
15617.0,0.9299983198422221,-0.20175138038774237,-0.06936442825730908
15618.0,-0.8041811229446183,0.07394609082159041,-0.11581300189946474
15619.0,-0.909282907355942,-1.058145946714099,-0.7187325514112991
15620.0,-0.689524630859538,0.07394609082159041,0.5451220850749333
15621.0,-0.9427243842140904,0.07394609082159041,0.2515850071573016
15622.0,-0.7564075845758348,1.6565606001831652,1.5531966535383022
15623.0,-0.2882269085617567,0.8001660338568091,0.7088186665409073
15624.0,-0.40288340064683703,0.07394609082159041,-0.3164008559156039
15625.0,-0.4649890005262556,0.9303406571479473,0.9135093147541384
15626.0,-0.6035322617957277,-0.20175138038774237,0.11336412879520379
15627.0,1.2214169038918015,-0.5571872395918231,-0.34289310150934965
15628.0,-0.937947030377212,1.6565606001831652,1.2739519299486184
15629.0,1.1879754270336529,0.07394609082159041,0.6482753438773228
15630.0,-0.7468528769020781,-0.20175138038774237,0.34968237644052375
15631.0,2.1052273637142958,-1.058145946714099,-0.3060123645941044
15632.0,-0.8853961381715503,0.8001660338568091,0.9243330162212411
15633.0,1.4698393034094754,1.3460575542855853,1.124574514982349
15634.0,-0.8806187843346719,-0.5571872395918231,-0.35863385604523085
15635.0,0.9299983198422221,-1.058145946714099,-1.5868692245169929
15636.0,-0.5318719542425524,0.07394609082159041,0.33152708501123496
15637.0,-0.7086340462070513,0.2992073267345332,-0.0968197294259243
15638.0,0.8487833046152902,0.48966298795922886,0.6560571712223361
15639.0,-0.3216683854199051,-0.20175138038774237,0.11171392279231711
15640.0,-0.9427243842140904,2.2876939305965793,2.344197344005986
15641.0,-0.4602116466893772,1.2544959545938104,1.2756374519762774
15642.0,2.5256345013595904,-1.058145946714099,-1.5491963844155063
15643.0,-0.04458186288096092,-0.20175138038774237,-0.22895830286564672
15644.0,-0.16879306263979799,0.07394609082159041,-0.09146157938423817
15645.0,-0.8710640766609151,-0.20175138038774237,0.10497260313181318
15646.0,-0.20701189333482475,0.2992073267345332,-0.10846474547312471
15647.0,1.0207680427429107,-1.058145946714099,-1.2135255815729435
15648.0,0.012746383161579257,-0.5571872395918231,-0.25605428224158105
15649.0,0.6433570896295212,0.07394609082159041,0.43194793952115224
15650.0,1.531944903288894,-0.5571872395918231,-0.3596348354728369
15651.0,-0.7850717075971049,0.2992073267345332,0.23238286799946653
15652.0,-0.5270946004056741,0.2992073267345332,0.31197020203132647
15653.0,-0.5175398927319174,-0.5571872395918231,-0.02802942073379428
15654.0,-0.9188376150296986,-0.5571872395918231,0.008102246142676758
15655.0,0.19906318279983484,-1.058145946714099,-0.3508555008121775
15656.0,-0.7468528769020781,0.07394609082159041,-0.1426135741677342
15657.0,-0.8519546613134018,-1.058145946714099,-2.4419432162151784
15658.0,-0.05413657055471762,0.8001660338568091,0.6073302825032628
15659.0,-0.7516302307389565,-0.20175138038774237,-0.38801107224376863
15660.0,-0.842399953639645,1.5110377522649707,0.7565425186654318
15661.0,0.5525873667288326,0.8001660338568091,0.20725481899720827
15662.0,2.1959970866149843,-0.5571872395918231,-0.8412470980240173
15663.0,-0.45543429285249887,-1.058145946714099,-1.3581209007717716
15664.0,-0.718188753880808,0.07394609082159041,0.22949564927356142
15665.0,-0.15923835496604127,0.2992073267345332,1.0640373867699153
15666.0,1.2930772114449767,-0.5571872395918231,-0.26348537929269544
15667.0,-0.7707396460864698,-1.058145946714099,-0.7979772449733359
15668.0,0.07962933687787613,-1.058145946714099,-1.7822159476606583
15669.0,-0.7707396460864698,0.07394609082159041,-0.2072110042874026
15670.0,0.45704028999126567,-0.5571872395918231,-0.7431004197535616
15671.0,-0.8710640766609151,0.654643185938614,0.771202300675264
15672.0,2.5017477321751986,-1.058145946714099,-2.1523778591373928
15673.0,-0.5414266619163092,0.9303406571479473,1.3831579301689394
15674.0,-0.6130869694694844,1.3460575542855853,1.4648862676746006
15675.0,-0.5748681387744575,0.07394609082159041,-0.37520389913631347
15676.0,-0.8710640766609151,-0.20175138038774237,0.9566448586714853
15677.0,-0.7277434615545647,-0.20175138038774237,0.25857948047035056
15678.0,-0.7086340462070513,-0.20175138038774237,0.5005303445876912
15679.0,-0.8471773074765234,0.07394609082159041,-0.1117146387988119
15680.0,-0.9188376150296986,1.0480979277381186,1.0715314538614822
15681.0,-0.842399953639645,1.4312993642702228,0.85629489242767
15682.0,1.899801148728527,-0.5571872395918231,-0.7586684923976488
15683.0,-0.40288340064683703,-0.5571872395918231,-0.39884863626714606
15684.0,1.6513787492108527,-0.20175138038774237,-1.192807787384505
15685.0,1.1879754270336529,-1.058145946714099,-2.002556095969862
15686.0,1.0446548119273025,-1.058145946714099,-1.6646249680099339
15687.0,-0.9188376150296986,0.9303406571479473,0.8571150437212611
15688.0,1.0398774580904242,-1.058145946714099,-1.1272995482595751
15689.0,-0.388551339136202,-0.20175138038774237,-0.40368579502253893
15690.0,-0.9427243842140904,-0.5571872395918231,-0.9623273468229616
15691.0,0.24205936733173997,0.07394609082159041,-0.3373220336586143
15692.0,-0.82806789212901,-1.058145946714099,-1.1255307723787054
15693.0,2.1864423789412277,-1.058145946714099,-2.2855436594143286
15694.0,-0.9570564457247255,2.062432694683636,1.7261164700490315
15695.0,0.3137196748849152,0.07394609082159041,0.15504747642219147
15696.0,-0.8041811229446183,1.3460575542855853,1.0446199916990395
15697.0,2.3345403478844564,-1.058145946714099,-0.9416688835824307
15698.0,2.0192349946504855,-1.058145946714099,-2.138481246104087
15699.0,-0.8758414304977935,-1.058145946714099,-0.7783573277561179
15700.0,-0.14012893961852788,-0.5571872395918231,-0.19432960991521042
15701.0,-0.9522790918878471,0.07394609082159041,0.372496044339593
15702.0,1.31218662679249,-0.5571872395918231,-1.3465417376683595
15703.0,0.3041649672111585,-1.058145946714099,-1.0524539725450124
15704.0,-0.29300426239863503,0.48966298795922886,1.0168420812964807
15705.0,-0.0015856783490557876,-1.058145946714099,-1.3328374619634924
15706.0,-0.6560831540013895,0.07394609082159041,0.10864698057443757
15707.0,-0.7946264152708616,0.07394609082159041,0.003751288366653112
15708.0,-0.7659622922495916,0.9303406571479473,1.0457217281818854
15709.0,0.3949346901118471,-0.5571872395918231,-0.7372600755342539
15710.0,1.0303227504166674,-1.058145946714099,-0.010631378659232032
15711.0,1.699152287579636,-0.5571872395918231,-0.5585172052940875
15712.0,-0.9188376150296986,1.2544959545938104,0.9643017762405354
15713.0,-0.278672200888,0.07394609082159041,-0.05977844420962151
15714.0,-0.9045055535190636,0.2992073267345332,-0.10924596128017046
15715.0,1.6943749337427578,0.2992073267345332,-0.23547870294308476
15716.0,-0.26434013937736495,1.15560189306089,0.722952835366388
15717.0,0.15606699826792972,0.2992073267345332,-0.2936430069657872
15718.0,1.6179372723527043,-1.058145946714099,-0.8161838221967288
15719.0,-0.8041811229446183,2.3674323185913275,1.7416788499117597
15720.0,-0.8471773074765234,-0.5571872395918231,-0.15160676062357137
15721.0,-0.9045055535190636,-1.058145946714099,-0.4757958257823219
15722.0,-0.7898490614339833,1.15560189306089,1.2604179294684976
15723.0,0.7819003508989933,0.07394609082159041,0.01445982502967324
15724.0,-0.0015856783490557876,-0.20175138038774237,-0.7755743670111849
15725.0,-0.8901734920084285,-1.058145946714099,-0.5671361679837091
15726.0,0.9013341968209521,-1.058145946714099,-0.7504176373369531
15727.0,-0.8806187843346719,1.5110377522649707,1.6808370340236345
15728.0,0.8535606584521686,-0.5571872395918231,-0.37180904491114375
15729.0,0.055742567693484395,-0.20175138038774237,-1.119877263776593
15730.0,-0.6465284463276328,0.2992073267345332,0.46016502203336995
15731.0,1.684820226069001,-1.058145946714099,-1.428008864416496
15732.0,0.050965213856606045,1.0480979277381186,0.3795243234574384
15733.0,0.3901573362749688,-1.058145946714099,-1.2425499414052
15734.0,-0.41243810832059374,0.07394609082159041,0.6554517297815774
15735.0,1.0494321657641807,-1.058145946714099,-0.7376333239824763
15736.0,1.1163151194804777,-0.5571872395918231,0.4769080388327258
15737.0,-0.8901734920084285,0.8001660338568091,0.19055587650955128
15738.0,-0.8710640766609151,2.703410827734218,1.9194381629485142
15739.0,-0.6465284463276328,-1.058145946714099,-0.510668761438838
15740.0,-0.7277434615545647,-1.058145946714099,-1.2761168340917948
15741.0,1.2261942577286797,-0.5571872395918231,-1.06230378472599
15742.0,1.9953482254660937,-1.058145946714099,-1.2669601165439008
15743.0,-0.8853961381715503,0.07394609082159041,-0.11664030528057492
15744.0,-0.5892002002850927,-1.058145946714099,-2.3380281370439877
15745.0,-0.8710640766609151,0.07394609082159041,0.1314232340125446
15746.0,-0.3216683854199051,-1.058145946714099,-1.1039068504469935
15747.0,-0.8997281996821853,0.9303406571479473,0.7271647873699141
15748.0,-0.7707396460864698,-0.20175138038774237,-0.2903146052841252
15749.0,0.16084435210480805,-0.20175138038774237,2.8057938470369743
15750.0,-0.9475017380509687,1.7233615276208618,1.4115198478454458
15751.0,1.2405263192393148,1.15560189306089,0.29876743435927927
15752.0,-0.7707396460864698,0.9303406571479473,1.0526979981191413
15753.0,0.4952591206862924,-1.058145946714099,-1.7558180198926923
15754.0,-0.718188753880808,0.9303406571479473,0.86776671311673
15755.0,-0.9140602611928204,1.6565606001831652,1.3581624165962662
15756.0,-0.6704152155120245,0.07394609082159041,-0.3940982544447797
15757.0,-0.6465284463276328,0.48966298795922886,0.8442869588321207
15758.0,-0.842399953639645,-1.058145946714099,-1.0740027234744083
15759.0,0.07962933687787613,0.654643185938614,-0.06729644609455779
15760.0,2.052676471508634,-0.5571872395918231,1.9662002695724137
15761.0,1.1545339501755045,-1.058145946714099,-1.3330879667548636
15762.0,-0.6513058001645111,-0.5571872395918231,-0.321787485038022
15763.0,-0.8089584767814967,-0.5571872395918231,0.12635208213957633
15764.0,-0.5414266619163092,0.8001660338568091,1.1518668980462234
15765.0,2.2246612096362544,-1.058145946714099,-0.6489824756893053
15766.0,-0.6560831540013895,-0.20175138038774237,-0.06718365954947904
15768.0,-0.4076607544837154,2.478149591821275,2.0350364474167555
15769.0,-0.9283923227034554,2.842379197713229,3.302414243350897
15770.0,1.9666841024448236,-1.058145946714099,-0.751446649512527
15771.0,1.9236879179129185,-0.20175138038774237,0.07094740542735607
15772.0,1.0351001042535457,-1.058145946714099,-0.8485086414644012
15773.0,-0.9331696765403337,-0.5571872395918231,-0.11797936903506308
15774.0,-0.6321963848169978,0.48966298795922886,0.24896410166987443
15775.0,0.20861789047359153,-0.5571872395918231,-1.296689593781317
15776.0,-0.3264457392567835,-1.058145946714099,-0.9567722572961807
15777.0,0.18950847512607816,0.654643185938614,0.47506449301468345
15778.0,1.0972057041329644,-1.058145946714099,-0.7823183132715029
15779.0,1.2500810269130715,-0.5571872395918231,-1.435015300600942
15780.0,-0.08280069357598771,-0.20175138038774237,-0.4698913811506058
15781.0,-0.842399953639645,-0.20175138038774237,-0.6996053663983397
15782.0,-0.9140602611928204,0.07394609082159041,1.0689132364393348
15783.0,-0.909282907355942,-1.058145946714099,-0.9429811687518332
15784.0,1.2739677960974631,-0.5571872395918231,-0.05235493483557114
15785.0,-0.8041811229446183,1.5859404542672264,1.3553643926509815
15786.0,-0.7420755230651997,0.2992073267345332,1.6105106795331772
15787.0,-0.8376225998027668,-0.20175138038774237,0.016440451415087976
15788.0,1.4698393034094754,-1.058145946714099,-1.0181907734597835
15789.0,0.7484588740408449,0.48966298795922886,0.5523841059666513
15790.0,-0.9140602611928204,-1.058145946714099,-1.0282376391245265
15791.0,-0.7516302307389565,0.2992073267345332,0.9920114482245295
15792.0,0.9491077351897356,-0.5571872395918231,0.016888432959051847
15793.0,-0.8901734920084285,0.8001660338568091,0.6976358447409056
15794.0,2.5542986243808605,-0.5571872395918231,-0.11567474623983723
15795.0,-0.24523072402985155,0.8001660338568091,0.5589218119187345
15796.0,-0.9570564457247255,1.6565606001831652,1.2517663828773575
15797.0,-0.42199281599435046,0.48966298795922886,0.8144047618697747
15798.0,1.393401642019422,-0.20175138038774237,0.3754950697944556
15799.0,-0.5987549079588493,0.07394609082159041,0.31982823293536533
15800.0,-0.45065693901562054,0.654643185938614,0.21382065480192178
15801.0,-0.7420755230651997,-0.20175138038774237,0.11094840802535233
15802.0,-0.278672200888,-1.058145946714099,-0.5069897853118871
15803.0,-0.718188753880808,0.07394609082159041,0.5403893949424582
15804.0,-0.9570564457247255,1.3460575542855853,1.1026806026701113
15805.0,-0.8519546613134018,2.3282062876889484,1.7383412483621976
15806.0,-0.7420755230651997,-0.20175138038774237,-0.10867604985647507
15807.0,-0.7229661077176863,0.2992073267345332,0.49719588714672
15808.0,0.5000364745231708,1.9044924940644754,2.118277577030876
15809.0,-0.7898490614339833,0.654643185938614,0.2411400161988819
15810.0,-0.5844228464482143,0.8001660338568091,0.8585456639353796
15811.0,-0.8567320151502801,0.654643185938614,0.9671515328367317
15812.0,-0.45065693901562054,1.2544959545938104,1.2559185265939163
15813.0,0.03185579850909265,-0.5571872395918231,0.2576286644736931
15814.0,-0.8806187843346719,0.48966298795922886,0.7650142601754468
15815.0,-0.6560831540013895,0.2992073267345332,0.6016272816163084
15816.0,1.627491980026461,-0.5571872395918231,-1.32759684411919
15817.0,1.0494321657641807,-0.20175138038774237,0.8002814806684045
15818.0,1.847250256522865,-1.058145946714099,-0.7100139267790464
15819.0,-0.7277434615545647,1.0480979277381186,1.0545122824849984
15820.0,0.5669194282394676,-1.058145946714099,-1.0679733563086307
15821.0,-0.7516302307389565,-0.5571872395918231,-0.33775099570205547
15822.0,-0.9475017380509687,0.48966298795922886,0.5060877511192701
15823.0,0.8153418277571418,-0.20175138038774237,1.0447966056424631
15824.0,1.202307488544288,-0.5571872395918231,-0.01702061155443037
15825.0,-0.14012893961852788,-1.058145946714099,-0.3874024640608731
15826.0,-0.6943019846964162,0.07394609082159041,0.7550417032236061
15827.0,-0.6130869694694844,2.245808014503504,0.9909707537731796
15828.0,0.8296738892677769,-1.058145946714099,0.14073830652178232
15829.0,-0.48887576971064733,-0.5571872395918231,-0.2598508961176195
15830.0,-0.7802943537602266,-1.058145946714099,-0.3314182351846908
15831.0,-0.6847472770226596,-0.20175138038774237,-0.09949111260178363
15832.0,0.25161407500549665,-1.058145946714099,-0.062229801957129065
15833.0,2.563853332054617,-1.058145946714099,-1.7450975820141406
15834.0,-0.6274190309801194,0.654643185938614,1.0225639748624487
15835.0,-0.7516302307389565,0.07394609082159041,0.03235737389857021
15836.0,-0.7229661077176863,-1.058145946714099,-1.3621265955515247
15837.0,-0.6513058001645111,-0.5571872395918231,-0.11566546828469393
15838.0,-0.909282907355942,2.478149591821275,3.164544635570595
15839.0,-0.8041811229446183,-0.20175138038774237,0.10039272075398194
15840.0,-0.6799699231857812,-0.5571872395918231,-0.6788634811313254
15841.0,-0.6130869694694844,0.9303406571479473,0.7939968146128278
15842.0,0.9156662583315871,-0.5571872395918231,-0.36627371724491575
15843.0,0.4904817668494141,-1.058145946714099,-1.4652444706306538
15844.0,-0.7420755230651997,-1.058145946714099,-1.39756912909045
15845.0,-0.8758414304977935,1.15560189306089,1.1394526910764875
15846.0,0.8774474276365603,-1.058145946714099,-1.54092914617641
15847.0,-0.7802943537602266,0.2992073267345332,-0.0745867466998803
15848.0,2.009680286976729,-1.058145946714099,-1.3588994895098536
15850.0,-0.8710640766609151,0.48966298795922886,0.07109783956423743
15851.0,1.5558316724732857,-1.058145946714099,-1.5229765304773901
15852.0,-0.06846863206535267,-0.20175138038774237,-0.9116792794652339
15853.0,-0.7134114000439297,-1.058145946714099,-1.5160348725440844
15854.0,-0.9427243842140904,1.9044924940644754,1.3063933406111263
15855.0,-0.30733632390927007,0.48966298795922886,0.10329622835385004
15856.0,-0.9427243842140904,2.990819440597063,2.573416140967372
15857.0,-0.8710640766609151,-0.5571872395918231,-0.3383570234847399
15858.0,-0.8853961381715503,1.3460575542855853,0.9807384742329648
15859.0,1.1019830579698426,-1.058145946714099,-0.527969220838367
15860.0,-0.7659622922495916,1.6565606001831652,0.686035691318258
15861.0,-0.9045055535190636,1.2544959545938104,1.130085779452323
15862.0,-0.923614968866577,1.3460575542855853,0.7307580349617974
15863.0,-0.8376225998027668,0.2992073267345332,-0.6797953185817092
15864.0,-0.8567320151502801,0.654643185938614,0.6286474774209553
15865.0,-0.7659622922495916,0.2992073267345332,0.6484427500246143
15866.0,-0.4793210620368906,-1.058145946714099,-1.0511304172051146
15867.0,-0.937947030377212,2.3674323185913275,1.6454497863729054
15868.0,1.8233634873384732,-1.058145946714099,-1.6295578910097577
15869.0,0.3614932132536987,-0.20175138038774237,-0.7522081676627502
15870.0,-0.8041811229446183,0.07394609082159041,-0.04463692902757623
15871.0,1.1258698271542344,-1.058145946714099,-2.373145512103142
15872.0,-0.8901734920084285,0.07394609082159041,-0.16139512881183063
15873.0,1.4268431188775703,0.07394609082159041,-0.768503082686974
15874.0,-0.6560831540013895,1.9044924940644754,1.8149092781711065
15875.0,2.1243367790618093,-1.058145946714099,-1.5309077226817112
15876.0,0.9921039197216407,-0.5571872395918231,0.33380047157115916
15877.0,-0.9522790918878471,-0.5571872395918231,-0.44743520381154567
15878.0,1.723039056764028,-0.5571872395918231,-0.73087893051906
15879.0,0.9682171505372489,0.07394609082159041,0.159345077455996
15880.0,0.8010097662465068,-1.058145946714099,-0.7346745978188263
15881.0,0.5287005975444409,0.2992073267345332,-0.43136676504474886
15882.0,-0.011140386022812485,0.8001660338568091,0.15096785133300764
15883.0,-0.9522790918878471,-0.5571872395918231,-0.6004424104928122
15884.0,1.1019830579698426,-0.5571872395918231,-0.9479603332848416
15885.0,-0.5175398927319174,1.5110377522649707,0.5486273240285279
15886.0,-0.6751925693489029,0.07394609082159041,0.1033989755034823
15887.0,0.9825492120478839,-0.20175138038774237,0.08556398785661566
15888.0,-0.5748681387744575,-0.20175138038774237,-0.5434087708568093
15889.0,-0.2117892471717031,0.8001660338568091,0.3229981770516244
15890.0,0.9252209660053438,0.2992073267345332,-0.3837481010346577
15891.0,0.12262552140978127,-1.058145946714099,-0.41673155662485534
15892.0,2.2342159173100113,-1.058145946714099,-1.4116222061600854
15893.0,1.34085074981376,-1.058145946714099,-0.7885836026619584
15894.0,0.24683672116861832,-0.5571872395918231,-0.9089175468404265
15895.0,-0.24523072402985155,-1.058145946714099,-1.1715855433010782
15897.0,-0.03502715520720422,-0.5571872395918231,-1.0624070975596995
15898.0,-0.9570564457247255,2.110890520920167,1.2268968422973163
15899.0,0.8010097662465068,-1.058145946714099,-1.9991437814954858
15900.0,-0.8471773074765234,0.07394609082159041,-0.020565858808496772
15901.0,-0.8806187843346719,0.654643185938614,-0.2036597928454933
15902.0,0.8535606584521686,-1.058145946714099,-1.3233326923297155
15903.0,-0.9140602611928204,1.2544959545938104,1.6467863629855912
15904.0,-0.923614968866577,-1.058145946714099,-1.2321056329423172
15905.0,1.6322693338633394,-1.058145946714099,-1.4913463968261167
15906.0,-0.8662867228240368,1.0480979277381186,0.7358807842478157
15907.0,-0.9427243842140904,-0.20175138038774237,-0.023703739268962565
15908.0,1.3838469343456652,-0.5571872395918231,-0.13293240297118356
15909.0,-0.1305742319447712,-1.058145946714099,-1.1221558034053736
15910.0,-0.9570564457247255,1.5110377522649707,0.7722985516155658
15911.0,2.0192349946504855,0.8001660338568091,0.44907469688588386
15912.0,-0.1114648165972578,0.9303406571479473,0.1181982927647902
15913.0,1.5892731493314343,-1.058145946714099,-3.4857902072366325
15914.0,0.8440059507784119,-0.5571872395918231,-1.0714175214741817
15915.0,0.9586624428634922,-1.058145946714099,-0.6610870264839904
15916.0,-0.8853961381715503,1.3460575542855853,0.8928920947521997
15917.0,0.22294995198422657,0.2992073267345332,-0.39115695394228284
15918.0,-0.04935921671783927,-0.20175138038774237,-0.3228622338014898
15919.0,-0.8662867228240368,-0.5571872395918231,-0.3972708361436619
15920.0,-0.22612130868233815,0.9303406571479473,-0.34005154887846095
15921.0,-0.13535158578164955,0.07394609082159041,-0.1172909287834576
15922.0,0.8201191815940201,-1.058145946714099,-0.6511806566571549
15923.0,0.8201191815940201,-1.058145946714099,-1.4179068314859433
15924.0,2.5304118551964687,-1.058145946714099,-1.5694884658472965
15925.0,-0.03502715520720422,-1.058145946714099,-1.0673835837367311
15926.0,1.627491980026461,-1.058145946714099,-1.3775755660870832
15927.0,2.1291141328986876,-1.058145946714099,-1.5440770044528078
15928.0,2.1721103174305925,-1.058145946714099,-0.8168207450737419
15929.0,2.1147820713880523,-1.058145946714099,-0.30924425290473484
15930.0,-0.6417510924907545,-1.058145946714099,-0.5476667688628574
15931.0,1.0828736426223293,-1.058145946714099,-0.9619077307463983
15932.0,-0.9427243842140904,0.8001660338568091,0.7260266556717552
15933.0,-0.8615093689871585,-0.20175138038774237,0.13985321689399546
15934.0,1.0351001042535457,-0.5571872395918231,0.6319154575107431
15935.0,0.17995376745232144,-0.5571872395918231,-0.5643496122121663
15936.0,0.8487833046152902,-0.5571872395918231,-0.8436340690873271
15937.0,-0.6560831540013895,-1.058145946714099,-1.3216537885307555
15938.0,-0.4267701698312288,0.9303406571479473,-0.15592005748540153
15939.0,-0.5318719542425524,1.5859404542672264,1.6564538156105157
15940.0,0.5239232437075625,-1.058145946714099,-2.318141767781618
15941.0,2.081340594529904,-1.058145946714099,-0.5851334587336754
15942.0,-0.3216683854199051,-1.058145946714099,-0.7165110098523283
15943.0,2.1434461944093224,-0.5571872395918231,-0.873493886093952
15944.0,0.3614932132536987,0.07394609082159041,0.6231610814888557
15945.0,0.7819003508989933,0.07394609082159041,-0.24846467995573646
15946.0,1.4411751803882054,-0.20175138038774237,0.6683675010528751
15947.0,-0.5653134311007009,-1.058145946714099,0.45246110993281385
15948.0,-0.923614968866577,-0.20175138038774237,0.3630411717532602
15949.0,-0.8806187843346719,-0.5571872395918231,-0.6605539247781944
15950.0,-0.8089584767814967,1.0480979277381186,1.4826036358929378
15951.0,-0.9188376150296986,-0.20175138038774237,0.07568176106352524
15952.0,-0.7994037691077399,0.07394609082159041,-0.1111335558114604
15953.0,-0.8901734920084285,1.7233615276208618,0.9576061647948229
15954.0,1.8520276103597433,-1.058145946714099,-1.1266216325317937
15955.0,-0.8471773074765234,1.9594133665673954,1.5743333113711944
15956.0,1.670488164558366,-0.5571872395918231,-0.2811669207139518
15957.0,-0.8089584767814967,-0.20175138038774237,0.007101106276660961
15958.0,-0.608309615632606,0.07394609082159041,-0.4901168407028607
15959.0,2.29632151718943,-0.20175138038774237,-0.37407492994454916
15960.0,0.8248965354308985,0.07394609082159041,-0.5746316882723695
15961.0,0.8487833046152902,-1.058145946714099,-0.5071972282317793
15962.0,1.1831980731967746,-1.058145946714099,-0.8268152968897132
15963.0,-0.8662867228240368,-0.5571872395918231,-0.47677441200112924
15964.0,2.2055517942887413,-1.058145946714099,-0.8790290485611587
15965.0,-0.8806187843346719,1.3460575542855853,0.8017250516531405
15966.0,1.1927527808705314,-1.058145946714099,-0.547835586289393
15967.0,-0.8519546613134018,1.2544959545938104,0.850551920960569
15968.0,0.8917794891471953,-1.058145946714099,-0.585933959825122
15969.0,-0.9475017380509687,0.2992073267345332,0.1524988142954498
15970.0,0.4904817668494141,-0.5571872395918231,0.07862947228639874
15971.0,-0.8758414304977935,1.7233615276208618,1.3472067072313099
15972.0,1.216639550054923,0.2992073267345332,0.4778097011486664
15973.0,0.79145505857275,-0.20175138038774237,-0.21113974038997477
15974.0,-0.7755169999233482,0.654643185938614,0.9579857169516157
15975.0,-0.5605360772638225,-1.058145946714099,-0.6482447659035762
15976.0,-0.17357041647667631,0.48966298795922886,0.44659680225219656
15977.0,-0.8806187843346719,-0.5571872395918231,0.10467182657402574
15978.0,-0.593977554121971,-0.20175138038774237,0.9230381321056159
15979.0,1.9189105640760402,-1.058145946714099,-0.7342591563402555
15980.0,-0.5366493080794308,0.654643185938614,1.4215921178710036
15981.0,-0.842399953639645,1.9044924940644754,1.6801482006185762
15982.0,1.928465271749797,-1.058145946714099,-0.7446288989083266
15983.0,-0.8567320151502801,0.8001660338568091,0.884847343830233
15984.0,-0.9475017380509687,2.3282062876889484,1.6012317023510545
15985.0,-0.37421927762556695,0.654643185938614,0.7868230018670246
15986.0,-0.8185131844552533,-0.5571872395918231,-0.6811750246836388
15987.0,-0.9045055535190636,0.8001660338568091,0.37578630435630833
15988.0,-0.8710640766609151,-0.20175138038774237,-0.15192863366698986
15989.0,0.8344512431046551,-0.5571872395918231,-0.6535028147903044
15990.0,-0.7516302307389565,0.654643185938614,0.5654080589379982
15991.0,1.5892731493314343,-1.058145946714099,-1.2964514055101928
15992.0,-0.9427243842140904,-0.20175138038774237,-0.012454556734570592
15993.0,-0.9188376150296986,0.654643185938614,0.8032151004083733
15994.0,-0.6990793385332946,-0.20175138038774237,0.18296466647345544
15995.0,1.0159906889060324,-1.058145946714099,-0.1965470866236817
15996.0,-0.5414266619163092,0.654643185938614,0.3018749528558465
15998.0,-0.7850717075971049,1.5859404542672264,1.590935736427056
15999.0,2.5542986243808605,-1.058145946714099,-2.7094505636765445
16000.0,-0.9475017380509687,-0.20175138038774237,1.8825643463511617
16001.0,0.8583380122890469,-1.058145946714099,-0.3222320145997271
16002.0,2.0240123484873638,-1.058145946714099,-1.212634460062339
16003.0,-0.8185131844552533,1.0480979277381186,1.3109780957617205
16004.0,1.3074092729556117,0.2992073267345332,0.6171857341813806
16005.0,-0.9045055535190636,1.0480979277381186,0.6873148627774284
16006.0,0.046187860019727696,-0.5571872395918231,-0.7264324837432508
16007.0,-0.7325208153914431,0.654643185938614,0.8714276008517561
16008.0,-0.8471773074765234,1.5110377522649707,1.2747701767771222
16009.0,-0.8567320151502801,0.07394609082159041,0.04584948796926956
16010.0,0.21339524431046988,1.15560189306089,0.446788366650783
16011.0,-0.923614968866577,2.2876939305965793,1.3093281018510063
16012.0,-0.7946264152708616,0.2992073267345332,0.8536084113531109
16013.0,-0.9427243842140904,3.574427058129272,2.9721662636852546
16014.0,-0.7802943537602266,0.2992073267345332,0.13516238955527016
16015.0,-0.9427243842140904,-0.20175138038774237,-0.18623277886693898
16016.0,-0.9475017380509687,1.15560189306089,0.5956953474946521
16017.0,-0.7372981692283215,0.2992073267345332,0.3802761441810875
16018.0,-0.7755169999233482,0.07394609082159041,-0.19283097628265486
16019.0,-0.7372981692283215,2.202452120611942,2.124506722998229
16020.0,-0.8806187843346719,-0.20175138038774237,-0.050080839367732485
16021.0,0.9252209660053438,-0.5571872395918231,-0.4522997000686197
16022.0,0.28027819802676673,-1.058145946714099,-0.2988498915881292
16023.0,-0.7420755230651997,-0.20175138038774237,-0.17078711408577352
16024.0,-0.9045055535190636,-0.20175138038774237,-0.45681012939002436
16025.0,-0.8185131844552533,-1.058145946714099,-0.5260008619880681
16026.0,-0.7564075845758348,-1.058145946714099,-0.9734152050793171
16027.0,-0.5223172465687957,1.5110377522649707,0.5834578140110217
16028.0,1.8854690872178919,-1.058145946714099,-1.7293096721100745
16029.0,-0.7755169999233482,3.870308439958154,3.5077050535568364
16030.0,0.5191458898706842,-1.058145946714099,-0.7298570786049899
16031.0,-0.5223172465687957,-0.5571872395918231,-0.36745629072173086
16032.0,1.216639550054923,0.48966298795922886,0.553747043584635
16033.0,-0.9331696765403337,2.202452120611942,1.7703271296348329
16034.0,-0.025472447533447528,0.48966298795922886,-0.0007130817050822111
16035.0,1.7134843490902711,-1.058145946714099,-1.0315959107361299
16036.0,-0.5462040157531874,0.07394609082159041,0.7434409414224518
16037.0,0.32805173639555024,0.2992073267345332,0.3631606629433791
16038.0,-0.923614968866577,-0.20175138038774237,-0.4752154173025962
16039.0,1.0637642272748158,-0.5571872395918231,-0.49908767928037545
16040.0,-0.6513058001645111,0.654643185938614,0.7028280987234677
16041.0,-0.813735830618375,-0.20175138038774237,0.8977304987304525
16042.0,-0.8567320151502801,0.8001660338568091,0.6496970601204656
16043.0,-0.7802943537602266,0.8001660338568091,0.5125397927499123
16044.0,1.1163151194804777,-1.058145946714099,-0.7092956252982499
16045.0,-0.388551339136202,0.8001660338568091,0.9564705110641702
16046.0,1.723039056764028,-1.058145946714099,-0.9743596294663424
16047.0,2.29632151718943,-1.058145946714099,-1.5400608801324929
16048.0,0.8201191815940201,0.07394609082159041,-0.0779074074285807
16049.0,-0.7707396460864698,0.48966298795922886,0.5108124150692119
16050.0,-0.1305742319447712,-0.20175138038774237,-0.7994590981491017
16051.0,2.29632151718943,-1.058145946714099,-1.1353702705860405
16052.0,-0.703856692370173,-1.058145946714099,-0.6658232107823312
16053.0,-0.8041811229446183,0.48966298795922886,0.9972918051935308
16054.0,-0.2691174932142433,0.07394609082159041,0.605491225332434
16055.0,0.09396139838851118,-1.058145946714099,-1.3756594859347542
16056.0,-0.7468528769020781,-1.058145946714099,-0.24348583559484463
16057.0,-0.8853961381715503,1.0480979277381186,1.0397002329232816
16058.0,0.9777718582110057,-1.058145946714099,-1.9220834819656554
16059.0,-0.6465284463276328,1.2544959545938104,0.8715481297005782
16060.0,0.9538850890266138,-0.20175138038774237,-0.3753235404950128
16061.0,1.0972057041329644,-1.058145946714099,-1.6674065882116895
16062.0,-0.9140602611928204,0.8001660338568091,0.8251615798184401
16063.0,0.28027819802676673,-1.058145946714099,-0.721046796441248
16064.0,2.5017477321751986,-1.058145946714099,-1.5257196428142863
16065.0,0.7819003508989933,0.8001660338568091,0.5633755906543317
16066.0,-0.8806187843346719,0.2992073267345332,0.3687308405816748
16067.0,1.7278164106009062,-0.20175138038774237,0.9207659285445751
16068.0,1.875914379544135,-1.058145946714099,-1.484886473054952
16069.0,1.0351001042535457,-1.058145946714099,-0.49703904039007946
16070.0,-0.8567320151502801,-0.5571872395918231,-0.04911566799546575
16071.0,-0.7468528769020781,0.07394609082159041,0.11960608708434463
16072.0,0.4140441054593605,0.07394609082159041,1.0981543525401976
16073.0,0.45704028999126567,-1.058145946714099,-1.4447761837394353
16074.0,0.9013341968209521,-1.058145946714099,-0.9251074791775112
16075.0,1.4411751803882054,-0.5571872395918231,-0.15384332794066816
16076.0,-0.9475017380509687,1.0480979277381186,0.6462860365264453
16077.0,2.028789702324242,-1.058145946714099,0.6671828841318783
16078.0,0.3949346901118471,-0.5571872395918231,-0.6639765651684542
16079.0,-0.8806187843346719,-0.20175138038774237,0.2837518753036713
16080.0,-0.5700907849375793,0.07394609082159041,-0.29893360346197356
16081.0,-0.6943019846964162,0.8001660338568091,1.1150247258632384
16082.0,2.2389932711468896,-1.058145946714099,-1.5426688177893786
16083.0,-0.4793210620368906,0.07394609082159041,0.6830104060905536
16084.0,0.4665949976650223,-1.058145946714099,-0.5317239550116005
16085.0,-0.8519546613134018,1.2544959545938104,0.6798152197488097
16086.0,-0.6799699231857812,1.0480979277381186,0.779464430356217
16087.0,0.8965568429840737,0.2992073267345332,0.4657174243190057
16088.0,1.7899220104803248,-0.5571872395918231,0.32794797685972643
16089.0,0.8822247814734386,-0.5571872395918231,-0.8944733071428891
16090.0,2.0192349946504855,-1.058145946714099,-1.1660380464846132
16091.0,-0.2213439548454598,-0.5571872395918231,-0.7658948016596047
16092.0,-0.41243810832059374,0.48966298795922886,0.39978076230748005
16093.0,-0.45065693901562054,-1.058145946714099,-2.8343409089059675
16094.0,-0.9045055535190636,1.15560189306089,1.009247097360809
16095.0,1.216639550054923,-1.058145946714099,-0.5139959485239701
16096.0,0.29938761337428016,0.07394609082159041,0.3984302771685947
16097.0,0.1847311212891998,-1.058145946714099,-1.148404272335541
16098.0,-0.5414266619163092,1.4312993642702228,1.0683017298330424
16099.0,-0.7229661077176863,0.654643185938614,0.3930533682822369
16100.0,1.2500810269130715,-1.058145946714099,-0.3231589980440252
16101.0,-0.622641677143241,0.07394609082159041,0.9118932344646933
16102.0,-0.7611849384127132,-0.20175138038774237,0.5069028022140165
16103.0,-0.9283923227034554,1.9594133665673954,1.3816895882222304
16104.0,-0.6656378616751462,0.9303406571479473,0.8023807399916845
16105.0,0.22772730582110493,0.2992073267345332,0.6936013465580543
16106.0,-0.6465284463276328,-1.058145946714099,-1.5318310315044747
16107.0,-0.8758414304977935,0.654643185938614,0.9062848639380562
16108.0,-0.5557587234269442,0.07394609082159041,0.646670138650997
16109.0,0.08440669071475448,-0.20175138038774237,0.021230231618839336
16110.0,-0.7468528769020781,0.07394609082159041,0.4827913305672442
16111.0,1.0828736426223293,-1.058145946714099,-0.36557821818459324
16112.0,-0.278672200888,0.07394609082159041,-1.1080773839987792
16113.0,-0.08757804741286605,-1.058145946714099,-1.2466280852985678
16114.0,-0.14490629345540623,-1.058145946714099,-1.370627448886434
16115.0,-0.9140602611928204,1.2544959545938104,0.7425825347723264
16116.0,0.050965213856606045,-1.058145946714099,-0.2868132898002095
16117.0,-0.05413657055471762,-0.20175138038774237,-0.2394546460575135
16118.0,2.1577782559199576,-1.058145946714099,1.1312492955451132
16119.0,-0.923614968866577,0.8001660338568091,0.45775012526440084
16120.0,-0.6799699231857812,0.48966298795922886,0.8509191893646805
16121.0,-0.689524630859538,0.2992073267345332,0.33424832149086264
16122.0,-0.6130869694694844,0.48966298795922886,-0.013243081027529136
16123.0,-0.7134114000439297,-1.058145946714099,-0.7827156099106285
16124.0,0.5525873667288326,0.07394609082159041,0.479097002410965
16125.0,0.79145505857275,1.4312993642702228,1.1172794689020846
16126.0,-0.8232905382921317,1.5110377522649707,2.003016755775329
16127.0,-0.7755169999233482,-0.5571872395918231,-0.09346510295880614
16128.0,-0.8758414304977935,1.15560189306089,1.029557747732359
16129.0,0.9825492120478839,-0.20175138038774237,0.30687822677843996
16130.0,1.0542095196010592,0.07394609082159041,0.05716148204178349
16131.0,-0.7134114000439297,1.2544959545938104,1.7245915616125822
16132.0,1.6370466877002177,-0.5571872395918231,-0.22874124391074324
16133.0,-0.9427243842140904,3.0807148010694942,2.3286060442728993
16134.0,-0.8567320151502801,0.2992073267345332,0.6168326979906306
16135.0,0.29461025953740183,-0.5571872395918231,-0.07732650764792388
16136.0,-0.6751925693489029,0.07394609082159041,0.026826667282140736
16137.0,2.2867668095156732,-1.058145946714099,-0.5543311887214862
16138.0,0.8487833046152902,-0.20175138038774237,-0.0014809560778011608
16139.0,-0.8710640766609151,0.2992073267345332,0.14225215546289713
16140.0,-0.6465284463276328,-0.20175138038774237,0.3259530065448243
16141.0,-0.5414266619163092,-0.5571872395918231,0.03375419830251272
16142.0,0.23250465965798328,-1.058145946714099,-0.3841651919049258
16143.0,-0.9475017380509687,1.2544959545938104,1.1601527448099689
16144.0,0.21817259814734824,-1.058145946714099,-1.187668725743827
16145.0,-0.9188376150296986,1.7867352234743035,1.4498999029809452
16146.0,-0.2117892471717031,0.07394609082159041,0.02650673100634418
16147.0,-0.3216683854199051,0.2992073267345332,0.6974373614619823
16148.0,0.4522629361543873,-0.5571872395918231,-0.6185741480579612
16149.0,-0.937947030377212,-0.20175138038774237,-0.5551493963931964
16150.0,-0.7564075845758348,1.0480979277381186,1.0667652836078478
16152.0,0.3232743825586719,-1.058145946714099,0.5017541260347712
16153.0,-0.7229661077176863,1.15560189306089,1.2464243077567219
16155.0,0.8631153661259252,0.2992073267345332,-0.09744367623409171
16156.0,-0.9188376150296986,1.8470162614078611,1.381278009961185
16157.0,-0.8853961381715503,-0.20175138038774237,-0.2369369338774536
16158.0,1.531944903288894,0.9303406571479473,-0.2687651592033524
16159.0,0.3853799824380904,0.07394609082159041,0.21717492551641418
16160.0,-0.6513058001645111,-0.5571872395918231,0.08436245488512065
16161.0,-0.9522790918878471,2.7608870603908318,1.8933366032407726
16162.0,0.24205936733173997,-1.058145946714099,-2.2874209804961683
16163.0,0.146512290594173,0.48966298795922886,0.7001602358773119
16164.0,-0.8806187843346719,-0.20175138038774237,-0.07466563278042791
16165.0,1.4507298880619621,-1.058145946714099,-1.749545097927177
16166.0,1.0828736426223293,-0.5571872395918231,-0.5323020727807038
16167.0,1.0159906889060324,0.2992073267345332,0.30172926115102355
16168.0,-0.909282907355942,3.2804253085186272,1.7532445828765226
16169.0,-0.923614968866577,0.07394609082159041,0.49935593369631576
16170.0,-0.718188753880808,1.8470162614078611,1.456609224478711
16171.0,-0.6799699231857812,-1.058145946714099,-1.8119470270511515
16172.0,-0.5079851850581607,0.8001660338568091,0.5233236424425787
16173.0,-0.8853961381715503,0.48966298795922886,0.3182939705260913
16174.0,-0.3598872161149319,0.654643185938614,0.6501564282611657
16175.0,-0.5127625388950391,0.654643185938614,0.5046670503927574
16176.0,1.0494321657641807,0.07394609082159041,0.584981326085138
16177.0,-0.7229661077176863,0.8001660338568091,0.6503362410526243
16178.0,-0.30255897007239174,-0.5571872395918231,-0.28702500796372554
16179.0,-0.6704152155120245,-1.058145946714099,-1.0378934809563167
16180.0,-0.48409841587376895,1.3460575542855853,2.0780917184266525
16181.0,-0.6130869694694844,-1.058145946714099,-0.7879711040684896
16182.0,-0.6178643233063628,0.9303406571479473,1.7256222775981127
16183.0,-0.6417510924907545,0.07394609082159041,0.12028219254419481
16184.0,-0.6560831540013895,0.48966298795922886,0.17252848415112326
16185.0,-0.8806187843346719,-0.20175138038774237,-0.2501952986566324
16186.0,-0.8519546613134018,2.1575193073054413,1.6286859993082856
16187.0,-0.8089584767814967,1.5110377522649707,1.461054669971523
16188.0,-0.7468528769020781,0.2992073267345332,0.12684290157824513
16189.0,-0.8853961381715503,-0.5571872395918231,-1.0390595763481898
16190.0,-0.7707396460864698,0.8001660338568091,0.7890173490413573
16191.0,-0.9475017380509687,2.062432694683636,2.0522244593273853
16192.0,2.5542986243808605,-1.058145946714099,-0.6875394704624834
16193.0,0.17039905977856476,-0.5571872395918231,-0.2663490390041106
16194.0,0.8296738892677769,-1.058145946714099,-0.78080125117591
16195.0,2.492193024501442,-1.058145946714099,-0.7474284137196289
16196.0,1.3742922266719084,-1.058145946714099,-1.6389121845436758
16197.0,1.2787451499343416,0.9303406571479473,0.5722230103679301
16198.0,-0.6035322617957277,-0.5571872395918231,0.08759081353476932
16199.0,0.9108889044947087,0.654643185938614,0.023735642312024834
16200.0,-0.9427243842140904,1.2544959545938104,1.3102410840954646
16201.0,-0.9475017380509687,0.2992073267345332,0.6055732125979189
16202.0,0.7627909355514799,0.9303406571479473,0.7277937447689228
16203.0,-0.6799699231857812,0.48966298795922886,0.024568850468238108
16204.0,-0.8519546613134018,-0.20175138038774237,0.005110348370057465
16205.0,-0.813735830618375,0.654643185938614,0.49822321071956643
16206.0,-0.6990793385332946,1.3460575542855853,0.7527024290905293
16207.0,-0.842399953639645,-1.058145946714099,-0.6042661513746787
16208.0,-0.7468528769020781,1.0480979277381186,0.957629237197266
16209.0,-0.5366493080794308,0.9303406571479473,1.092380635223268
16210.0,-0.9522790918878471,2.5129551665095216,2.6056714067745212
16211.0,-0.5366493080794308,-0.20175138038774237,0.1287830110629938
16212.0,-0.8710640766609151,0.07394609082159041,0.25196422183677614
16213.0,-0.5844228464482143,-1.058145946714099,-1.257286225002576
16214.0,-0.14490629345540623,0.07394609082159041,0.5798880376738539
16215.0,-0.5748681387744575,-1.058145946714099,-0.9546036626620533
16216.0,0.3137196748849152,-1.058145946714099,0.002137521941935474
16217.0,0.16084435210480805,-0.5571872395918231,-0.7910151600299418
16218.0,-0.8185131844552533,1.3460575542855853,1.0606993316505524
16219.0,1.4316204727144486,-1.058145946714099,-2.226181770045749
16221.0,-0.7850717075971049,0.9303406571479473,0.5733704654903449
16222.0,0.557364720565711,-0.5571872395918231,0.23978613752712968
16223.0,0.8296738892677769,-0.5571872395918231,0.12643833134475232
16224.0,-0.689524630859538,0.2992073267345332,0.4126577318146865
16225.0,-0.7468528769020781,1.5110377522649707,0.8241175623035758
16226.0,0.00796902932470091,0.2992073267345332,-0.22014414518326378
16227.0,0.11307081373602457,-0.20175138038774237,0.08561313083035689
16228.0,0.8774474276365603,-0.20175138038774237,-0.021265605703950963
16229.0,-0.5462040157531874,0.48966298795922886,0.826272026990943
16230.0,-0.05413657055471762,-0.5571872395918231,-0.3752171916413846
16231.0,0.8487833046152902,0.07394609082159041,0.11804393881143094
16232.0,-0.7516302307389565,0.654643185938614,0.7862088767866019
16233.0,-0.622641677143241,0.9303406571479473,0.497509395668419
16234.0,1.31218662679249,-0.20175138038774237,-0.7256544637946557
16235.0,-0.7659622922495916,0.9303406571479473,0.585339745983493
16236.0,-0.5892002002850927,-1.058145946714099,-0.5383254431647286
16237.0,1.1258698271542344,-1.058145946714099,-1.3658923984217732
16238.0,1.0589868734379375,-1.058145946714099,-1.9112862041888428
16239.0,-0.689524630859538,0.48966298795922886,0.35492218915911794
16240.0,-0.8471773074765234,-0.5571872395918231,1.01377098067548
16241.0,-0.9140602611928204,1.5859404542672264,1.0650846006197718
16242.0,-0.923614968866577,1.4312993642702228,1.51080354904359
16243.0,-0.7994037691077399,-0.5571872395918231,-0.577880607243802
16244.0,0.050965213856606045,-0.5571872395918231,0.369541355199318
16245.0,-0.8471773074765234,-0.20175138038774237,0.31592011557269467
16246.0,1.2357489654024365,-0.5571872395918231,-0.07565682569663651
16247.0,-0.1496836472922846,-1.058145946714099,-1.4921579674316692
16248.0,-0.6656378616751462,-1.058145946714099,-1.2851567129099295
16249.0,-0.7086340462070513,0.2992073267345332,0.4902359700193446
16250.0,0.2850555518636451,-0.20175138038774237,-0.3450061350099051
16251.0,1.4841713649201105,-1.058145946714099,-1.4110079068665
16252.0,0.8678927199628036,-1.058145946714099,-0.8130076106888414
16253.0,-0.6417510924907545,0.654643185938614,1.49777679032714
16254.0,0.8440059507784119,-0.20175138038774237,0.04237705563934406
16255.0,-0.8806187843346719,1.5110377522649707,1.156168289724605
16256.0,0.3137196748849152,-0.20175138038774237,0.4183605507267085
16257.0,-0.11624217043413615,-1.058145946714099,-2.1271016691383045
16258.0,-0.7468528769020781,1.5110377522649707,1.8557988417069082
16259.0,0.996881273558519,-0.20175138038774237,-0.7090844961180348
16260.0,-0.718188753880808,-1.058145946714099,0.09136774406458711
16261.0,-0.8806187843346719,0.48966298795922886,0.09533352609479184
16262.0,0.8440059507784119,-1.058145946714099,-0.13623732774333086
16263.0,1.0589868734379375,-1.058145946714099,-0.6940018772235473
16264.0,1.1306471809911127,-0.5571872395918231,-0.0737458311662356
16265.0,-0.9188376150296986,1.2544959545938104,1.4635284246609277
16266.0,-0.608309615632606,1.4312993642702228,0.47315467307633075
16267.0,1.8615823180335,-1.058145946714099,-1.1421847290319238
16268.0,-0.622641677143241,-0.5571872395918231,-0.22500721460045975
16269.0,1.1306471809911127,-1.058145946714099,-0.17303377514158427
16270.0,0.7245721048564532,-1.058145946714099,0.1615222383399152
16271.0,-0.9475017380509687,1.0480979277381186,0.9486319338507054
16272.0,-0.40288340064683703,-1.058145946714099,-0.5733187135289409
16273.0,2.133891486735566,-0.5571872395918231,-0.7584424190614988
16274.0,0.8201191815940201,-1.058145946714099,-0.6866180511554875
16275.0,-0.020695093696569182,-0.20175138038774237,0.6187705867644252
16276.0,-0.11624217043413615,-0.20175138038774237,0.7636297717508562
16277.0,2.544743916707104,-1.058145946714099,-1.1344183152491996
16278.0,-0.48409841587376895,-0.20175138038774237,0.1465812238655061
16279.0,-0.8615093689871585,0.9303406571479473,1.3217539566158583
16280.0,2.5017477321751986,-1.058145946714099,-0.9674724407347679
16281.0,-0.6178643233063628,-0.20175138038774237,0.9541748619140297
16282.0,0.6624665049770346,-0.20175138038774237,0.25965592777790003
16283.0,-0.9331696765403337,0.8001660338568091,1.1269605987097628
16284.0,-0.813735830618375,-0.20175138038774237,0.07945126281283661
16285.0,2.1243367790618093,-1.058145946714099,-1.1807378041886596
16286.0,1.3169639806293683,-0.5571872395918231,-0.7348495921041385
16287.0,-0.1496836472922846,0.2992073267345332,0.07126256479729104
16288.0,1.28352250377122,-1.058145946714099,-1.4024621620213555
16289.0,1.245303673076193,-1.058145946714099,-1.367677546601713
16290.0,1.259635734586828,0.07394609082159041,0.5507975089928133
16291.0,2.29632151718943,-1.058145946714099,-1.472684519281083
16292.0,-0.3789966314624453,0.2992073267345332,0.22934034227257194
16293.0,-0.8567320151502801,1.5110377522649707,1.1150652015300078
16294.0,1.3169639806293683,-1.058145946714099,-1.4237351423460238
16295.0,-0.9140602611928204,0.07394609082159041,0.2711315445633305
16296.0,2.028789702324242,0.07394609082159041,0.2630074572557825
16297.0,0.3232743825586719,-1.058145946714099,-0.7965937438774074
16298.0,-0.8519546613134018,0.654643185938614,0.12554216395407072
16299.0,1.3169639806293683,-1.058145946714099,-1.1157865134977856
16300.0,1.0924283502960859,-0.20175138038774237,0.29187921462273786
16301.0,2.559075978217739,-1.058145946714099,-1.5387937516662233
16302.0,-0.3551098622780536,-1.058145946714099,-0.9822063464202692
16303.0,-0.8376225998027668,0.654643185938614,1.5601173222679892
16304.0,2.3584271170688482,-1.058145946714099,-0.6278703106178519
16305.0,-0.29778161623551336,-1.058145946714099,-0.6674952190890378
16306.0,0.06051992153036274,0.654643185938614,0.15100632531159494
16307.0,1.0876509964592076,-0.20175138038774237,0.19467191165680559
16308.0,-0.7802943537602266,0.654643185938614,1.2445253275552148
16309.0,-0.45543429285249887,-0.5571872395918231,-0.18416912300996305
16310.0,1.0159906889060324,-0.5571872395918231,-0.49330345544353066
16311.0,-0.8758414304977935,-0.5571872395918231,-0.28273223065978326
16312.0,1.1019830579698426,-1.058145946714099,-1.2044538062836643
16313.0,-0.9475017380509687,-0.5571872395918231,-0.8659516849666528
16314.0,0.9013341968209521,-0.20175138038774237,0.35453535659407626
16315.0,0.6194703204451295,-0.5571872395918231,-0.5892163873738613
16316.0,-0.6560831540013895,1.3460575542855853,1.3276357459285768
16317.0,-0.388551339136202,0.2992073267345332,0.632524503337949
16318.0,-0.7946264152708616,-1.058145946714099,-0.7366018722523932
16319.0,0.07962933687787613,-1.058145946714099,-0.5862009909209944
16320.0,-0.14012893961852788,0.48966298795922886,1.3129244039452448
16321.0,-0.6178643233063628,0.654643185938614,-0.2965575713396709
16322.0,-0.9570564457247255,-0.5571872395918231,-0.739678635530699
16323.0,-0.025472447533447528,-0.5571872395918231,-0.682720176403976
16324.0,-0.3503325084411752,-0.20175138038774237,-0.5787788324692902
16325.0,-0.7372981692283215,1.2544959545938104,0.9898403017475437
16326.0,-0.9331696765403337,2.062432694683636,1.186010683227992
16327.0,-0.8949508458453069,1.5859404542672264,1.739102506681123
16328.0,1.7278164106009062,-1.058145946714099,-0.7756206618770997
16329.0,1.0828736426223293,0.07394609082159041,0.43393080422027297
16330.0,-0.8758414304977935,0.654643185938614,-0.2721452384454127
16331.0,1.1019830579698426,0.48966298795922886,0.5796933289332323
16332.0,-0.82806789212901,1.15560189306089,0.566223775358262
16333.0,-0.923614968866577,1.9594133665673954,2.434537889501846
16334.0,1.3886242881825435,-1.058145946714099,-0.8938186111614137
16335.0,1.6752655183952445,0.654643185938614,0.7969141079236847
16336.0,1.0494321657641807,0.07394609082159041,0.9736508699006444
16337.0,-0.7850717075971049,-1.058145946714099,-1.2940738356758799
16338.0,-0.2117892471717031,-1.058145946714099,-1.0413305326646876
16339.0,0.3949346901118471,-1.058145946714099,-1.633193937984185
16340.0,-0.45065693901562054,-0.20175138038774237,0.35687253302321276
16341.0,-0.842399953639645,0.654643185938614,1.0389397853049802
16342.0,-0.6035322617957277,0.07394609082159041,-0.7493008071396966
16343.0,-0.8853961381715503,-0.20175138038774237,-0.2852391145554657
16344.0,-0.20701189333482475,0.07394609082159041,-0.05739528925166039
16345.0,-0.7516302307389565,-0.5571872395918231,0.18486996652060797
16346.0,0.8774474276365603,-1.058145946714099,-1.009561044980775
16347.0,-0.909282907355942,1.15560189306089,0.9581555071647709
16348.0,-0.8089584767814967,0.8001660338568091,0.4675808310864532
16349.0,0.42837616696999553,-1.058145946714099,-2.034677241951175
16350.0,-0.8615093689871585,0.9303406571479473,0.6524456929149789
16351.0,0.6290250281188862,1.3460575542855853,0.9340894164871478
16352.0,-0.8758414304977935,-0.5571872395918231,-0.44142217827856495
16353.0,-0.9427243842140904,2.611849228042442,1.7127554853425473
16354.0,-0.6608605078382679,0.2992073267345332,0.14762562530660903
16355.0,0.8296738892677769,-1.058145946714099,-0.5652311464749056
16356.0,-0.015917739859690833,0.48966298795922886,-0.5660618103808315
16357.0,-0.8041811229446183,0.07394609082159041,-0.03552114212229143
16358.0,-0.9570564457247255,0.2992073267345332,0.8391866085570808
16359.0,-0.9283923227034554,1.5859404542672264,0.7821494483689132
16360.0,-0.937947030377212,0.48966298795922886,0.9597152877808196
16361.0,-0.9140602611928204,0.07394609082159041,-0.0168021389150861
16362.0,-0.8089584767814967,0.48966298795922886,0.007812996797374936
16363.0,-0.7086340462070513,-1.058145946714099,-1.5253925346611863
16364.0,-0.9045055535190636,-0.5571872395918231,-0.1849652811385458
16365.0,-0.8758414304977935,1.5110377522649707,0.8979446867435729
16366.0,-0.8710640766609151,0.07394609082159041,0.3814653161426032
16367.0,-0.7850717075971049,-0.20175138038774237,0.2829404949051146
16368.0,-0.9522790918878471,-0.20175138038774237,-0.2766999666845387
16369.0,-0.8758414304977935,0.654643185938614,0.7710474975003009
16370.0,-0.5700907849375793,0.07394609082159041,0.25652148730561863
16371.0,1.1831980731967746,-1.058145946714099,-1.2654528312099256
16372.0,-0.8041811229446183,0.2992073267345332,0.250066153081674
16373.0,0.8631153661259252,-0.5571872395918231,-0.7787292011837155
16374.0,-0.6465284463276328,0.2992073267345332,0.45883510783025633
16375.0,1.28352250377122,-0.5571872395918231,-1.5613305505700972
16376.0,-0.9188376150296986,-0.5571872395918231,0.04796045954146941
16377.0,0.3137196748849152,-0.5571872395918231,0.2601522087032978
16378.0,0.21817259814734824,-0.20175138038774237,-0.6640558936350665
16379.0,-0.9427243842140904,0.07394609082159041,0.6208772103827002
16380.0,-0.6704152155120245,-1.058145946714099,0.467055423332592
16381.0,0.9299983198422221,-0.5571872395918231,-0.9384710833302647
16382.0,0.9873265658847623,-0.5571872395918231,-0.6838608294645543
16383.0,-0.6035322617957277,0.654643185938614,0.8334896941539415
16384.0,-0.5318719542425524,0.07394609082159041,0.2874502304821452
16385.0,-0.6751925693489029,0.2992073267345332,-0.024823634494654082
16386.0,-0.8232905382921317,-0.20175138038774237,0.11379634589525806
16387.0,0.5812514897501027,0.2992073267345332,-0.023916140590976177
16388.0,2.162555609756836,-1.058145946714099,-1.1445349007055559
16389.0,-0.7086340462070513,0.07394609082159041,0.2996186393115963
16390.0,1.6036052108420693,-0.20175138038774237,-0.48177978021674844
16391.0,0.9538850890266138,0.07394609082159041,0.10298104586720291
16392.0,0.32805173639555024,-0.20175138038774237,-0.1347591942531405
16393.0,-0.9522790918878471,2.0119964593872464,1.2691577505758127
16394.0,-0.689524630859538,0.2992073267345332,0.3848170795794567
16395.0,-0.6704152155120245,1.4312993642702228,0.9737985567130386
16396.0,1.31218662679249,-1.058145946714099,-1.3598869090405357
16397.0,2.038344409997999,-1.058145946714099,-1.4405186222438293
16398.0,-0.22612130868233815,-0.5571872395918231,0.4514299367619416
16399.0,-0.8710640766609151,-0.20175138038774237,-0.2665891438735629
16400.0,-0.5079851850581607,0.9303406571479473,0.8730306415024676
16401.0,-0.9570564457247255,2.0119964593872464,1.4545205699746915
16402.0,0.3041649672111585,-0.5571872395918231,-0.8170168344631357
16403.0,0.5287005975444409,-1.058145946714099,-1.1783073993703965
16404.0,-0.6274190309801194,-1.058145946714099,-0.5204690738371589
16405.0,0.48092705917565737,-0.5571872395918231,-1.220994690112895
16406.0,-0.8710640766609151,-0.20175138038774237,-0.39362084039980133
16407.0,-0.8997281996821853,1.4312993642702228,0.7990414588959439
16408.0,1.8615823180335,-1.058145946714099,-0.9861929138405184
16409.0,-0.7898490614339833,1.2544959545938104,1.3159630227543122
16410.0,2.544743916707104,-1.058145946714099,-1.3998740684063662
16411.0,-0.8710640766609151,0.07394609082159041,-0.13505457890136785
16412.0,-0.703856692370173,0.2992073267345332,-0.3102275810948221
16413.0,-0.689524630859538,-0.5571872395918231,-0.40230438195649393
16414.0,-0.8567320151502801,0.2992073267345332,-0.3631165553560065
16415.0,-0.7516302307389565,-0.20175138038774237,-0.19424684553409657
16416.0,-0.8328452459658884,0.9303406571479473,0.8485737305122225
16417.0,1.393401642019422,-1.058145946714099,-2.320105931031906
16418.0,-0.7468528769020781,0.2992073267345332,0.0866794111410843
16419.0,-0.42199281599435046,0.8001660338568091,0.34101179407770527
16420.0,0.9299983198422221,-1.058145946714099,-1.7946453573597858
16421.0,0.8344512431046551,-0.20175138038774237,-0.39647638250076217
16422.0,-0.8806187843346719,3.892979097926521,3.0437025835756826
16423.0,-0.842399953639645,-1.058145946714099,-0.6982316023157579
16424.0,-0.04935921671783927,-0.5571872395918231,-0.5204528184285013
16425.0,0.48092705917565737,-1.058145946714099,-0.7946898072665646
16426.0,-0.9522790918878471,1.0480979277381186,0.5153205760012648
16427.0,0.29461025953740183,-0.5571872395918231,-0.9584402639288666
16428.0,1.0159906889060324,-0.20175138038774237,-0.25719342863474287
16429.0,-0.45543429285249887,-1.058145946714099,-0.8391712733828603
16430.0,-0.689524630859538,0.654643185938614,0.14664573686942708
16431.0,0.055742567693484395,-0.20175138038774237,-0.2745693081009465
16432.0,-0.6560831540013895,-1.058145946714099,-0.832002596238652
16433.0,-0.82806789212901,-0.5571872395918231,-0.6224954191884949
16434.0,-0.8232905382921317,1.2544959545938104,0.7756853080729399
16435.0,1.4841713649201105,-0.20175138038774237,0.06845711056929488
16436.0,2.229438563473133,-0.20175138038774237,-0.75663637683805
16437.0,0.8583380122890469,-0.5571872395918231,-0.7981443987145477
16438.0,-0.9331696765403337,0.2992073267345332,-0.09613310727656378
16439.0,2.487415670664564,-1.058145946714099,-0.7759216509000547
16440.0,-0.923614968866577,0.48966298795922886,1.0400969957937143
16441.0,-0.6417510924907545,0.2992073267345332,0.07991134020291983
16442.0,-0.9522790918878471,0.2992073267345332,-0.016179450251953886
16443.0,1.5271675494520156,-1.058145946714099,-1.2428152061411155
16444.0,-0.7420755230651997,1.6565606001831652,0.9955107655717053
16445.0,-0.7994037691077399,0.07394609082159041,-0.3225161629860777
16446.0,-0.9570564457247255,-0.5571872395918231,3.7661854160634136
16447.0,-0.3121136777461484,-0.20175138038774237,-0.16352347201464043
16448.0,-0.015917739859690833,-0.5571872395918231,-0.6676945259210995
16449.0,-0.015917739859690833,-0.5571872395918231,-0.18302745514740304
16450.0,-0.24523072402985155,-0.20175138038774237,0.3614332877642976
16451.0,-0.5414266619163092,-0.20175138038774237,0.07566752604046949
16452.0,2.052676471508634,-0.5571872395918231,-0.7278393694699935
16453.0,1.5749410878207992,-0.5571872395918231,-0.9273604801325794
16454.0,-0.7468528769020781,0.07394609082159041,-2.420154808355479
16455.0,-0.6560831540013895,1.15560189306089,1.0655742258722407
16456.0,-0.48887576971064733,1.3460575542855853,1.3591035102342555
16457.0,0.07962933687787613,-1.058145946714099,-1.063199654251287
16458.0,-0.9475017380509687,2.3282062876889484,1.3208173853740723
16459.0,2.5256345013595904,-1.058145946714099,-1.8257957362589965
16460.0,-0.82806789212901,-0.20175138038774237,-0.0845949117781234
16461.0,-0.1114648165972578,-0.20175138038774237,0.38039281632455746
16462.0,-0.608309615632606,-0.20175138038774237,-1.3693090383845834
16463.0,-0.8615093689871585,0.07394609082159041,0.32036597662061034
16464.0,-0.8662867228240368,-0.20175138038774237,0.25471869448622486
16465.0,1.0494321657641807,-0.5571872395918231,-0.14479342640758003
16466.0,-0.7994037691077399,1.5110377522649707,1.0230813824525655
16467.0,1.4698393034094754,0.654643185938614,0.8265990439484965
16468.0,-0.608309615632606,-0.20175138038774237,-0.10597967562100553
16469.0,-0.8471773074765234,0.2992073267345332,-0.09113866129843565
16470.0,-0.7134114000439297,1.15560189306089,0.702813171782474
16471.0,0.351938505579942,0.07394609082159041,0.1916840671188747
16472.0,1.1115377656435994,-0.5571872395918231,-0.10407810217450479
16473.0,-0.17357041647667631,0.07394609082159041,-0.4766673144936756
16474.0,-0.9283923227034554,0.654643185938614,0.4944637975077312
16475.0,-0.5414266619163092,0.07394609082159041,-0.3722060544815658
16476.0,1.1019830579698426,-1.058145946714099,-0.6894885601755155
16477.0,-0.6560831540013895,1.15560189306089,1.0832017178325508
16478.0,-0.842399953639645,-0.20175138038774237,-0.7303786945851201
16479.0,-0.9140602611928204,-0.5571872395918231,-0.7991481348404565
16480.0,-0.5987549079588493,-1.058145946714099,-0.1228637764934411
16481.0,2.29632151718943,-1.058145946714099,-0.503869388047992
16482.0,-0.8853961381715503,-1.058145946714099,-1.0221210959359817
16483.0,-0.04458186288096092,-1.058145946714099,-1.3518708080224833
16484.0,-0.1305742319447712,-0.5571872395918231,-0.5863790665476754
16485.0,-0.593977554121971,0.2992073267345332,0.6630276569002327
16486.0,1.6083825646789476,-1.058145946714099,-1.3780020532776829
16487.0,1.7946993643172031,-0.5571872395918231,-1.0596228281262035
16488.0,-0.8041811229446183,-0.20175138038774237,-0.435097679730119
16489.0,0.8535606584521686,-0.5571872395918231,-0.792316926927559
16490.0,1.121092473317356,-1.058145946714099,-1.0734429758194757
16491.0,-0.7372981692283215,-0.5571872395918231,0.3744560025461584
16492.0,1.6227146261895826,-1.058145946714099,-0.6205507937996991
16493.0,-0.5796454926113359,0.654643185938614,0.6123628166801909
16494.0,0.45704028999126567,-1.058145946714099,-0.07112426654080192
16495.0,-0.9475017380509687,-0.20175138038774237,-0.24624885474430214
16496.0,-0.9188376150296986,0.48966298795922886,0.6766460712742882
16497.0,-0.7229661077176863,2.0119964593872464,1.4381217564478792
16498.0,-0.1926798318241897,-0.5571872395918231,-1.5824669452762858
16499.0,0.7580135817146015,0.8001660338568091,0.749482943422411
16500.0,-0.937947030377212,0.9303406571479473,-0.05612121806015824
16501.0,0.8678927199628036,-1.058145946714099,0.19244127023492882
16502.0,2.000125579302972,-0.5571872395918231,-0.9080827400213659
16503.0,-0.45065693901562054,1.15560189306089,0.9932103880503085
16504.0,-0.842399953639645,-1.058145946714099,-0.48428007964310715
16505.0,-0.8089584767814967,-1.058145946714099,-0.11511827990178654
16506.0,-0.8662867228240368,-0.5571872395918231,-1.6622492240690823
16507.0,1.7708125951328115,-1.058145946714099,-1.3347937087683295
16508.0,2.0478991176717556,-1.058145946714099,-0.9587683614961365
16509.0,0.45704028999126567,-1.058145946714099,-0.6625699337009237
16510.0,0.8153418277571418,0.48966298795922886,0.48113325163415643
16511.0,-0.8567320151502801,0.48966298795922886,0.4741962743380117
16513.0,-0.937947030377212,0.07394609082159041,-0.030375122945629666
16515.0,-0.7134114000439297,1.0480979277381186,0.9006098785797387
16516.0,-0.8185131844552533,-1.058145946714099,-1.5773177997706478
16517.0,0.3614932132536987,-1.058145946714099,-1.2407839966734038
16518.0,-0.6704152155120245,0.07394609082159041,0.03633685629172714
16519.0,-0.842399953639645,0.07394609082159041,-0.526984370473075
16520.0,-0.07324598590223101,0.48966298795922886,0.6178543484685766
16521.0,1.0207680427429107,-0.20175138038774237,0.16080779030780118
16522.0,1.121092473317356,-0.5571872395918231,-0.5363951495229439
16523.0,-0.9522790918878471,2.245808014503504,1.8542142608153995
16524.0,1.1688660116861396,-0.5571872395918231,-0.7864421275402516
16525.0,-0.9522790918878471,2.8938664889589134,2.3641045273145953
16526.0,-0.14012893961852788,-0.5571872395918231,-0.17339549877792537
16527.0,-0.5748681387744575,-0.5571872395918231,0.2172626777684814
16528.0,-0.9427243842140904,-1.058145946714099,-0.948518968022109
16529.0,-0.05413657055471762,0.07394609082159041,0.5614426986941143
16530.0,2.229438563473133,-1.058145946714099,-2.1063281621338112
16531.0,-0.8567320151502801,1.15560189306089,0.6665333405735967
16532.0,-0.8758414304977935,0.2992073267345332,1.6318422664647028
16533.0,-0.8710640766609151,-0.20175138038774237,0.12361995338636883
16534.0,2.1052273637142958,-1.058145946714099,-0.26012284847991746
16535.0,-0.937947030377212,-0.20175138038774237,0.04579756178839126
16536.0,-0.4363248775049855,-1.058145946714099,-0.36716703824376995
16537.0,2.1004500098774175,-1.058145946714099,-2.6162328262093197
16538.0,1.6227146261895826,-0.20175138038774237,-0.6030075437176937
16539.0,-0.9475017380509687,1.0480979277381186,0.9252878507412129
16540.0,1.0159906889060324,-1.058145946714099,-1.0722549513152073
16541.0,2.5495212705439823,-1.058145946714099,-0.5520689048712049
16542.0,-0.703856692370173,-0.5571872395918231,-0.9115116006037204
16543.0,1.8663596718703783,-1.058145946714099,-0.8200630515589713
16544.0,1.5223901956151373,0.07394609082159041,-0.6372877585319314
16545.0,-0.17357041647667631,-0.5571872395918231,-0.20146218607229602
16546.0,0.42837616696999553,0.2992073267345332,1.270423540674806
16547.0,1.6466013953739744,-1.058145946714099,-1.5595453724247368
16548.0,1.899801148728527,-1.058145946714099,-2.4384589155683725
16549.0,-0.9140602611928204,2.478149591821275,1.9048194740815267
16550.0,-0.4411022313418638,1.7233615276208618,1.6365202318415417
16551.0,-0.5032078312212823,0.654643185938614,0.6470572616620412
16552.0,0.19906318279983484,-0.5571872395918231,-0.6315201724131435
16553.0,-0.18312512415043303,2.442335020593583,2.0927829922028676
16554.0,-0.7611849384127132,0.8001660338568091,0.8196648338307626
16555.0,-0.7946264152708616,0.48966298795922886,0.5351435775673189
16556.0,-0.6417510924907545,1.6565606001831652,1.567751843900101
16557.0,-0.8471773074765234,-0.5571872395918231,-0.846028959665352
16558.0,-0.9570564457247255,2.611849228042442,1.9337270546014722
16559.0,0.9347756736791005,-1.058145946714099,-1.1884885208905398
16560.0,-0.8328452459658884,0.8001660338568091,0.8703206306999013
16561.0,-0.9331696765403337,-0.5571872395918231,-0.4175204414564828
16562.0,1.3169639806293683,-1.058145946714099,-1.0116446186321406
16563.0,-0.703856692370173,0.48966298795922886,1.1372122909869158
16564.0,1.7564805336221765,-1.058145946714099,-1.6822901989958396
16565.0,0.777122997062115,0.07394609082159041,-0.11934889704021291
16566.0,-0.8901734920084285,0.2992073267345332,-0.2846057146277436
16567.0,-0.03502715520720422,-0.5571872395918231,-0.0378247182761816
16568.0,1.0828736426223293,-0.5571872395918231,0.08116268187945004
16569.0,-0.9475017380509687,0.2992073267345332,0.33682551544907346
16570.0,-0.8901734920084285,1.8470162614078611,1.5136887388062399
16571.0,-0.8328452459658884,1.0480979277381186,1.1099099433399355
16572.0,-0.3551098622780536,-0.20175138038774237,0.07313635179669076
16573.0,-0.5557587234269442,-0.5571872395918231,-0.2293817556558927
16574.0,-0.622641677143241,-0.20175138038774237,0.2564494619753148
16576.0,1.0446548119273025,-0.5571872395918231,-0.3767607856980405
16577.0,2.2246612096362544,-1.058145946714099,-0.6310084583243795
16578.0,2.028789702324242,-1.058145946714099,-1.2681956953681432
16579.0,1.0733189349485726,-1.058145946714099,-0.8131051321601408
16581.0,-0.08757804741286605,-1.058145946714099,-1.5487909001529427
16582.0,-0.42199281599435046,-1.058145946714099,-0.7691910417717648
16583.0,0.8248965354308985,-0.5571872395918231,-0.8060687547874895
16584.0,-0.5796454926113359,0.2992073267345332,0.8953953762708665
16585.0,1.875914379544135,-0.5571872395918231,-0.7077136596377466
16586.0,0.22772730582110493,-0.20175138038774237,0.3405582596796477
16587.0,0.146512290594173,-1.058145946714099,-1.0075153857653798
16588.0,0.8822247814734386,0.07394609082159041,0.28868588159178044
16589.0,-0.622641677143241,0.07394609082159041,-0.287307395480827
16590.0,0.9538850890266138,-0.5571872395918231,-0.29495013137269643
16591.0,-0.6321963848169978,-1.058145946714099,-1.0456920537839072
16592.0,-0.9427243842140904,2.245808014503504,1.5490765159810547
16593.0,-0.718188753880808,0.8001660338568091,0.1158054557303972
16594.0,-0.6035322617957277,-1.058145946714099,-1.1639339907612685
16595.0,-0.6704152155120245,0.2992073267345332,0.4730725933594854
16596.0,-0.8853961381715503,0.07394609082159041,-0.4950275839074746
16597.0,-0.9427243842140904,-1.058145946714099,-1.6643077500091827
16598.0,0.40448939778560383,-1.058145946714099,-1.32313497143576
16599.0,0.8822247814734386,-1.058145946714099,-1.197568257579044
16600.0,-0.9427243842140904,1.3460575542855853,0.6195416075054233
16601.0,-0.7659622922495916,-0.20175138038774237,-0.21498350429793617
16602.0,-0.7898490614339833,-0.5571872395918231,-0.1284705400472629
16603.0,-0.6035322617957277,-0.5571872395918231,-0.4590759572311946
16604.0,1.7278164106009062,-0.5571872395918231,-0.5379089950200832
16605.0,2.4969703783383204,-1.058145946714099,-1.9476886845226689
16606.0,0.9682171505372489,-0.5571872395918231,-0.6746246555695208
16607.0,-0.8758414304977935,2.110890520920167,1.322841084776482
16608.0,1.2070848423811664,-0.5571872395918231,0.24800052675306875
16609.0,-0.8901734920084285,0.654643185938614,1.295335327737094
16610.0,0.08440669071475448,-1.058145946714099,-1.788403899602096
16611.0,-0.07324598590223101,0.48966298795922886,0.48422337199492216
16612.0,-0.8041811229446183,0.9303406571479473,0.9155198933912982
16613.0,-0.6274190309801194,-1.058145946714099,-0.2800126367900282
16614.0,-0.08757804741286605,-0.20175138038774237,0.18548153621303237
16615.0,2.028789702324242,-1.058145946714099,-0.8218130617376745
16616.0,-0.8901734920084285,-0.5571872395918231,-0.43276179972372886
16617.0,0.1656217059416864,-1.058145946714099,-1.290285938237771
16618.0,-0.813735830618375,0.2992073267345332,0.7686070021418259
16619.0,0.29938761337428016,0.07394609082159041,0.5436236527368005
16620.0,-0.9427243842140904,0.48966298795922886,0.4735567288306614
16621.0,-0.7134114000439297,0.07394609082159041,-0.08259809916717942
16622.0,1.6370466877002177,-1.058145946714099,-1.0067178720955978
16623.0,0.21339524431046988,0.07394609082159041,0.077153569894545
16624.0,-0.5748681387744575,-0.5571872395918231,-0.08518169282090662
16625.0,0.351938505579942,0.2992073267345332,0.4291967660894116
16626.0,-0.9570564457247255,1.6565606001831652,1.1373006015827012
16627.0,-0.5844228464482143,-1.058145946714099,-0.7484308775705633
16628.0,-0.8185131844552533,0.654643185938614,0.6727132144060544
16629.0,-0.608309615632606,-0.5571872395918231,-0.5787083430232643
16630.0,0.9825492120478839,-1.058145946714099,-1.542333939774051
16631.0,1.34085074981376,0.654643185938614,0.5263683015971783
16632.0,1.3599601651612734,-0.5571872395918231,-0.5826486729784855
16633.0,-0.8806187843346719,0.48966298795922886,0.8300963915132008
16634.0,0.10351610606226787,0.48966298795922886,0.4273538926583034
16635.0,0.9825492120478839,-1.058145946714099,-0.473355148734812
16636.0,1.1306471809911127,0.07394609082159041,1.02974567746301
16637.0,-0.8089584767814967,0.07394609082159041,0.1698347847213494
16638.0,-0.8519546613134018,1.5110377522649707,0.691766616748582
16639.0,-0.813735830618375,0.07394609082159041,0.46905159235236593
16640.0,0.9395530275159788,-1.058145946714099,-1.1706646634785272
16641.0,-0.45543429285249887,-0.5571872395918231,-0.35882874320361885
16642.0,-0.937947030377212,-0.20175138038774237,0.12004127708654473
16643.0,0.21339524431046988,-0.5571872395918231,0.008555430910516085
16644.0,-0.1114648165972578,-0.5571872395918231,-0.06482785081406113
16645.0,2.5542986243808605,-1.058145946714099,-1.251042413252021
16646.0,1.1831980731967746,-1.058145946714099,-0.21306968201262588
16647.0,-0.1496836472922846,0.07394609082159041,-0.37539001648613574
16648.0,-0.7564075845758348,-0.20175138038774237,-0.2194689220541837
16649.0,1.5223901956151373,-1.058145946714099,-0.78552629377507
16650.0,-0.6178643233063628,0.654643185938614,0.5353054991683515
16651.0,1.8424729026859867,-1.058145946714099,-1.36825604104381
16652.0,-0.6799699231857812,1.5859404542672264,2.133662995720107
16653.0,-0.8853961381715503,-0.5571872395918231,0.20530072462019444
16654.0,-0.2882269085617567,0.8001660338568091,0.35098131824358236
16655.0,-0.8758414304977935,1.3460575542855853,1.4081869802921139
16656.0,-0.8567320151502801,2.3282062876889484,2.103546534753004
16657.0,-0.9140602611928204,0.07394609082159041,-0.030507037747489064
16658.0,0.7962324124096284,0.48966298795922886,-0.20040761987802055
16659.0,-0.05891392439159597,-1.058145946714099,-2.255792211702386
16660.0,-0.8853961381715503,0.654643185938614,0.5214069913361451
16661.0,1.6179372723527043,0.07394609082159041,0.0160540371548924
16662.0,0.9204436121684655,-1.058145946714099,-1.2940738356758799
16663.0,2.520857147522712,-1.058145946714099,-1.230712811383119
16664.0,1.7564805336221765,-1.058145946714099,-1.5264398029610942
16665.0,0.7675682893883583,-1.058145946714099,-1.3724772785071429
16666.0,-0.8710640766609151,-0.5571872395918231,-1.031661915632764
16667.0,-0.6369737386538761,-0.5571872395918231,-0.3425372950910725
16668.0,-0.8901734920084285,1.3460575542855853,-0.04047835297555859
16669.0,-0.8471773074765234,-0.20175138038774237,0.2820854238197339
16670.0,-0.8806187843346719,1.8470162614078611,1.5693327430797115
16671.0,-0.82806789212901,-0.20175138038774237,0.44568511071424877
16672.0,-0.9522790918878471,1.8470162614078611,1.5786902190079395
16673.0,2.2819894556787945,-1.058145946714099,-1.2045376716897183
16674.0,-0.6990793385332946,-0.5571872395918231,-0.7910388075769665
16675.0,1.1497565963386263,-0.5571872395918231,-0.29143814925601885
16676.0,-0.7994037691077399,0.48966298795922886,0.6862190053501651
16677.0,1.0016586273953973,-0.5571872395918231,-0.025421077309348936
16678.0,-0.9475017380509687,1.2544959545938104,0.8847591794588378
16679.0,0.7866777047358717,-0.20175138038774237,-0.22970765769424908
16680.0,-0.7564075845758348,-0.20175138038774237,-0.07556905459376947
16681.0,-0.6130869694694844,0.654643185938614,0.5374597388778344
16682.0,-0.937947030377212,0.2992073267345332,0.08616049773838907
16683.0,1.5892731493314343,-1.058145946714099,-0.7541379543512703
16684.0,-0.9427243842140904,3.058846686938299,3.6684725544751156
16685.0,-0.6704152155120245,-0.5571872395918231,-0.7452278815881216
16686.0,-0.7372981692283215,1.5859404542672264,1.2100360069240113
16687.0,0.9061115506578303,-1.058145946714099,-1.263493503515674
16688.0,-0.9570564457247255,0.07394609082159041,0.2334132681778999
16689.0,-0.5987549079588493,-0.5571872395918231,-0.5545015721871873
16690.0,-0.6178643233063628,0.07394609082159041,-0.6840035379180899
16691.0,1.0351001042535457,-0.5571872395918231,-1.1729489995214193
16692.0,0.26116878267925336,0.07394609082159041,0.534774411162354
16693.0,-0.6321963848169978,0.2992073267345332,0.18529200501879856
16694.0,2.492193024501442,-1.058145946714099,-1.6016193074051386
16695.0,1.723039056764028,-0.5571872395918231,-1.122305467421894
16696.0,-0.3168910315830268,0.07394609082159041,-0.23561015181119613
16697.0,0.18950847512607816,-1.058145946714099,-1.503553358982003
16698.0,0.12262552140978127,-0.5571872395918231,0.5654983384139572
16699.0,0.8535606584521686,0.654643185938614,0.06234216875925966
16700.0,-0.9188376150296986,2.110890520920167,1.6379265571013049
16701.0,-0.9188376150296986,2.1575193073054413,1.721636131573702
16702.0,1.0207680427429107,0.07394609082159041,0.14204443285990304
16704.0,1.9905708716292154,-0.5571872395918231,-0.22878465048035232
16705.0,-0.9570564457247255,2.7324831383346417,2.789081851105528
16706.0,-0.7850717075971049,-0.20175138038774237,-0.3895551801769642
16707.0,0.9491077351897356,0.07394609082159041,-0.3867673540127425
16708.0,-0.7420755230651997,-1.058145946714099,-0.23700278822920906
16709.0,-0.5557587234269442,1.4312993642702228,1.6561048208332052
16710.0,-0.8710640766609151,1.9594133665673954,1.3494675039006263
16711.0,-0.9475017380509687,0.9303406571479473,0.8264280074041558
16712.0,-0.9188376150296986,1.3460575542855853,1.1072093363326674
16713.0,-0.8710640766609151,2.4054512011867506,1.9764596557845977
16714.0,0.08440669071475448,0.07394609082159041,0.35739783821937504
16715.0,-0.5892002002850927,-0.5571872395918231,-0.2719839228778594
16716.0,0.3137196748849152,-0.20175138038774237,0.618290797468083
16717.0,-0.8471773074765234,1.4312993642702228,1.4347073526502723
16718.0,0.8010097662465068,0.2992073267345332,0.860237550347532
16719.0,-0.8901734920084285,1.4312993642702228,0.9728154605150974
16720.0,-0.8376225998027668,-0.20175138038774237,-0.1328183818753651
16721.0,0.28983290570052345,-1.058145946714099,-0.8194232625937755
16722.0,-0.8806187843346719,1.9594133665673954,1.5835199715038333
16723.0,-0.5270946004056741,0.07394609082159041,0.21633781798371093
16724.0,0.9729945043741273,-1.058145946714099,-1.3118561552593597
16725.0,0.48092705917565737,1.4312993642702228,0.4439736474912345
16726.0,-0.8376225998027668,0.654643185938614,0.5889037032838229
16727.0,0.777122997062115,0.07394609082159041,0.29737095691937515
16728.0,-0.7420755230651997,0.07394609082159041,0.10024827023695046
16729.0,-0.7802943537602266,1.9044924940644754,1.4911095732125534
16730.0,-0.7134114000439297,-0.20175138038774237,-0.1478233386427847
16731.0,2.133891486735566,-1.058145946714099,-1.208026706964529
16732.0,-0.8089584767814967,0.07394609082159041,1.1331251217740732
16733.0,1.5701637339839207,-1.058145946714099,-0.9049469398050207
16734.0,-0.7134114000439297,-0.20175138038774237,-0.24791844319530004
16735.0,-0.5844228464482143,1.4312993642702228,1.3846790115662462
16736.0,1.4555072418988404,0.2992073267345332,0.8482516398561488
16737.0,-0.7086340462070513,-0.5571872395918231,-0.06360102798380694
16738.0,0.461817643828144,-1.058145946714099,-3.795981824551784
16739.0,-0.11624217043413615,-0.5571872395918231,-0.10697817726632561
16740.0,0.9252209660053438,-1.058145946714099,-1.001919533371788
16741.0,2.0240123484873638,-1.058145946714099,-1.196489227407641
16742.0,-0.7372981692283215,1.4312993642702228,0.8089591942056048
16743.0,-0.8232905382921317,1.4312993642702228,1.103668125762752
16744.0,-0.909282907355942,0.654643185938614,0.2509599836581133
16745.0,-0.5462040157531874,1.6565606001831652,1.4886382579372401
16746.0,-0.937947030377212,2.7324831383346417,2.1537932873895764
16747.0,-0.7802943537602266,-0.5571872395918231,-0.06285903514721189
16748.0,-0.8758414304977935,1.4312993642702228,0.9977859799646569
16749.0,1.8615823180335,-0.5571872395918231,1.0943097650453515
16750.0,-0.7468528769020781,0.2992073267345332,-0.27381813055793497
16751.0,-0.813735830618375,-1.058145946714099,0.4759275806432371
16752.0,0.8201191815940201,-1.058145946714099,-1.0661708613001153
16753.0,-0.6847472770226596,-1.058145946714099,-1.011452036600025
16754.0,0.8153418277571418,2.2876939305965793,3.0842643870152986
16755.0,-0.4172154621574721,0.654643185938614,0.8254714682010835
16756.0,0.06529727536724109,0.654643185938614,0.2622933292437604
16757.0,0.5621420744025893,-0.5571872395918231,-0.8756443628293993
16758.0,-0.6513058001645111,-1.058145946714099,-0.6514924452475391
16759.0,-0.923614968866577,-0.20175138038774237,-0.10390465019240334
16760.0,1.0924283502960859,-1.058145946714099,-0.9984755478994867
16761.0,-0.498430477384404,-1.058145946714099,-0.762340779530414
16762.0,-0.8662867228240368,-0.20175138038774237,0.20206993665422826
16763.0,-0.011140386022812485,-0.5571872395918231,0.040331894185050475
16764.0,-0.9427243842140904,1.3460575542855853,0.8066566974196091
16765.0,0.44270822848063063,-0.5571872395918231,-0.5016962760108827
16766.0,0.3423837979061853,-0.5571872395918231,0.16427226074488122
16767.0,-0.813735830618375,1.5110377522649707,1.57172046254806
16768.0,-0.7325208153914431,0.9303406571479473,0.44836577433867997
16769.0,0.28027819802676673,0.07394609082159041,0.1460713683361852
16770.0,-0.6847472770226596,0.9303406571479473,0.4817134042917987
16771.0,-0.8041811229446183,1.0480979277381186,1.0572233602249532
16772.0,1.0589868734379375,-0.20175138038774237,1.0097331575086956
16773.0,-0.689524630859538,-0.20175138038774237,-0.5568227890431742
16774.0,-0.6369737386538761,0.8001660338568091,0.3904257577204569
16775.0,-0.9140602611928204,1.5859404542672264,0.8143433722356601
16776.0,-0.6751925693489029,-0.5571872395918231,-0.31105412676631305
16777.0,-0.5796454926113359,0.2992073267345332,0.2511107084812731
16778.0,-0.608309615632606,-0.5571872395918231,-0.9440327173259249
16779.0,-0.9522790918878471,3.0139138736317976,2.5852403645037674
16780.0,-0.48409841587376895,-0.20175138038774237,-0.30633852788423954
16781.0,0.8153418277571418,-0.5571872395918231,-0.27489313332787535
16782.0,-0.9140602611928204,2.611849228042442,1.7009183562228873
16783.0,1.1258698271542344,-1.058145946714099,-0.6087161947822239
16784.0,-0.8662867228240368,0.2992073267345332,-0.015896587428126725
16785.0,0.996881273558519,-1.058145946714099,-0.3862677665795916
16786.0,0.9204436121684655,-1.058145946714099,-2.05700503382073
16787.0,0.9395530275159788,0.07394609082159041,0.07877831408215806
16788.0,-0.37421927762556695,0.2992073267345332,0.5401164130525826
16789.0,-0.923614968866577,-1.058145946714099,-1.741559194786131
16790.0,-0.9427243842140904,0.48966298795922886,0.38029481299135903
16791.0,-0.8232905382921317,1.5110377522649707,1.0586890637816242
16792.0,0.3853799824380904,0.2992073267345332,-0.27436121142792164
16793.0,-0.689524630859538,-1.058145946714099,-0.9501974709425764
16794.0,-0.9570564457247255,1.5110377522649707,0.5849848408697045
16795.0,0.7819003508989933,-0.20175138038774237,0.5883896456560823
16796.0,-0.5366493080794308,-1.058145946714099,-0.7877827474755776
16797.0,0.9156662583315871,0.2992073267345332,0.49101706469682405
16798.0,1.684820226069001,-0.20175138038774237,-0.05847444942354314
16799.0,1.1019830579698426,-0.5571872395918231,-0.5048231798742557
16800.0,-0.909282907355942,-1.058145946714099,0.17492688016985125
16801.0,-0.18312512415043303,0.07394609082159041,0.40263256592947416
16802.0,2.2819894556787945,-0.5571872395918231,-0.32319610215450295
16803.0,-0.6513058001645111,-1.058145946714099,-0.7275577728712804
16804.0,-0.8519546613134018,-0.20175138038774237,-0.38194795941125176
16805.0,-0.1305742319447712,0.2992073267345332,0.12927878902575013
16806.0,-0.4697663543631339,0.07394609082159041,-0.12957632893963034
16807.0,-0.278672200888,0.48966298795922886,0.6095792235866998
16808.0,-0.48887576971064733,-0.5571872395918231,-0.8294541662610061
16809.0,-0.8519546613134018,0.9303406571479473,0.46052008763161745
16810.0,-0.04458186288096092,-0.5571872395918231,-0.057720580374245295
16811.0,-0.937947030377212,-0.5571872395918231,-0.3685486061726106
16812.0,0.7627909355514799,0.07394609082159041,0.6953560181277517
16813.0,-0.923614968866577,1.0480979277381186,0.4283894504685649
16814.0,-0.8949508458453069,2.5468070428147276,1.854730130596194
16815.0,1.2070848423811664,-0.5571872395918231,-0.583322269522186
16816.0,-0.4697663543631339,0.07394609082159041,-0.5640042061623698
16817.0,-0.9475017380509687,1.3460575542855853,0.7445294230389528
16818.0,-0.909282907355942,1.15560189306089,0.9383113362664622
16819.0,1.259635734586828,-0.5571872395918231,-1.1580121443576343
16820.0,-0.5032078312212823,-1.058145946714099,-0.43681837076922697
16821.0,0.8631153661259252,-1.058145946714099,-1.4997559128763747
16822.0,2.3154309325369433,-1.058145946714099,-1.1627457285047385
16823.0,0.12262552140978127,0.654643185938614,0.6489801188938045
16824.0,-0.8853961381715503,-0.20175138038774237,-0.20521261145162578
16825.0,-0.7755169999233482,0.2992073267345332,0.5009055949205827
16826.0,-0.718188753880808,-1.058145946714099,-0.7074819292722601
16827.0,0.9156662583315871,0.2992073267345332,-0.6083856194690057
16828.0,-0.5175398927319174,-0.5571872395918231,-1.409948074255968
16829.0,-0.2117892471717031,-0.5571872395918231,-0.4144261983643715
16830.0,-0.7755169999233482,0.07394609082159041,0.20222524974830397
16831.0,1.737371118274663,-1.058145946714099,-1.6504863964298149
16832.0,-0.08280069357598771,0.2992073267345332,-0.5630551908775209
16833.0,-0.9570564457247255,0.48966298795922886,0.7004777856423586
16834.0,0.1274028752466596,-0.5571872395918231,-0.010559188886340056
16835.0,-0.3503325084411752,0.48966298795922886,0.3375339954109578
16836.0,-0.7707396460864698,0.07394609082159041,-0.11070956827139218
16837.0,-0.813735830618375,1.15560189306089,0.898773496597764
16838.0,-0.020695093696569182,0.07394609082159041,0.17303865503105373
16839.0,-0.9188376150296986,2.7886526377188545,2.28878835634891
16840.0,1.9189105640760402,-0.5571872395918231,-1.349303843905094
16841.0,-0.7850717075971049,1.2544959545938104,1.0674663663899169
16842.0,-0.4793210620368906,-0.20175138038774237,0.23531563955145443
16843.0,-0.7564075845758348,2.5129551665095216,2.212334327960166
16844.0,1.7278164106009062,-0.5571872395918231,-0.28498099563653684
16845.0,1.9905708716292154,-1.058145946714099,-0.9211886498592119
16846.0,-0.7229661077176863,-0.20175138038774237,-0.057403847666546166
16847.0,-0.7564075845758348,-0.5571872395918231,-0.2843361018662298
16848.0,-0.7086340462070513,0.07394609082159041,0.31487845536522113
16849.0,-0.06846863206535267,-1.058145946714099,-1.4321930629817101
16850.0,0.6338023819557645,-1.058145946714099,-0.7273195846001568
16851.0,-0.9427243842140904,-0.20175138038774237,-0.7059039291923229
16852.0,-0.9140602611928204,-0.5571872395918231,-1.3238272316400244
16854.0,1.0303227504166674,-0.5571872395918231,0.3135179503173569
16855.0,-0.8471773074765234,-0.5571872395918231,-0.7360538276211827
16856.0,-0.8901734920084285,-0.20175138038774237,-0.6729561495679764
16857.0,1.1545339501755045,-1.058145946714099,-0.6844726358713674
16858.0,0.8010097662465068,1.0480979277381186,1.1173198183378155
16859.0,-0.2691174932142433,0.654643185938614,0.5414168253953948
16860.0,1.202307488544288,-0.20175138038774237,0.41001107713171575
16861.0,-0.6751925693489029,0.2992073267345332,0.026666716869899108
16862.0,1.6513787492108527,0.07394609082159041,-0.23077329760655774
16863.0,-0.813735830618375,-0.20175138038774237,-0.06440427488614953
16864.0,1.1115377656435994,-0.5571872395918231,-0.5776166359301661
16865.0,0.9586624428634922,-1.058145946714099,-1.3964194136112422
16866.0,-0.2882269085617567,-0.20175138038774237,-1.0653404562052617
16867.0,2.3345403478844564,-1.058145946714099,-1.7783056013168228
16868.0,0.9204436121684655,-0.20175138038774237,-0.6224205289514516
16869.0,-0.8519546613134018,0.07394609082159041,-0.07937935126517899
16870.0,1.2787451499343416,-1.058145946714099,-0.5090029016300163
16871.0,-0.8567320151502801,0.48966298795922886,0.8121657822312522
16872.0,-0.593977554121971,0.48966298795922886,0.2055802050466821
16873.0,-0.937947030377212,1.2544959545938104,2.001674424282529
16874.0,0.8487833046152902,-1.058145946714099,-1.0579437156927378
16875.0,-0.6417510924907545,1.15560189306089,1.1074922931104405
16876.0,0.9682171505372489,-1.058145946714099,-1.3692563520191656
16877.0,-0.9045055535190636,0.48966298795922886,-0.053809696551287735
16878.0,-0.5605360772638225,-1.058145946714099,-3.0004427093641053
16880.0,-0.813735830618375,0.8001660338568091,0.4954830778730664
16881.0,-0.6417510924907545,-1.058145946714099,-0.5386587747564717
16882.0,-0.6417510924907545,-0.20175138038774237,-0.1856498623703886
16883.0,-0.06846863206535267,1.7867352234743035,0.6499348115998226
16884.0,-0.7802943537602266,0.07394609082159041,0.11569099236461586
16885.0,-0.8901734920084285,0.07394609082159041,-0.20693721304195908
16886.0,1.216639550054923,-1.058145946714099,-1.3799243701237682
16887.0,-0.7946264152708616,-0.20175138038774237,-0.2353144255129254
16888.0,0.9538850890266138,-0.20175138038774237,-0.5350005660328069
16889.0,-0.030249801370325877,0.48966298795922886,0.7348705617379645
16890.0,1.3169639806293683,-0.20175138038774237,-0.8370005835442761
16891.0,-0.9522790918878471,1.15560189306089,0.46073304318610375
16892.0,-0.9570564457247255,0.654643185938614,-0.13661927340954394
16893.0,0.79145505857275,-0.5571872395918231,-0.9325778570144968
16894.0,1.436397826551327,-0.20175138038774237,0.25931384676342056
16895.0,-0.6513058001645111,0.2992073267345332,0.13687761852387828
16896.0,1.6895975799058796,-1.058145946714099,-1.5616743607928827
16897.0,0.4665949976650223,-0.5571872395918231,-0.8260701952692489
16898.0,-0.8376225998027668,0.2992073267345332,-0.021672747350629424
16899.0,-0.923614968866577,0.8001660338568091,0.4471755971506764
16900.0,-0.8806187843346719,-0.20175138038774237,-0.020126829289072407
16901.0,2.520857147522712,-1.058145946714099,-1.0774758474921435
16902.0,-0.4076607544837154,-1.058145946714099,0.45188653939470075
16903.0,-0.8232905382921317,-0.20175138038774237,0.09574206118295654
16904.0,-0.9427243842140904,1.9044924940644754,1.1789617640272616
16905.0,-0.937947030377212,1.6565606001831652,1.1837939116653438
16906.0,-0.5700907849375793,0.654643185938614,0.3145206762615737
16907.0,-0.8232905382921317,0.9303406571479473,0.3445464821539011
16908.0,2.487415670664564,-1.058145946714099,-0.9248512538127813
16909.0,-0.6178643233063628,-1.058145946714099,-0.6326396265099616
16910.0,-0.9427243842140904,0.8001660338568091,0.3629790285162674
16911.0,2.0765632406930257,-0.5571872395918231,-0.9173191495347015
16912.0,-0.8232905382921317,1.5110377522649707,1.1450121311361459
16913.0,0.4235988131331172,-0.20175138038774237,-0.5522727299564263
16914.0,-0.7898490614339833,-1.058145946714099,-1.153426595761682
16915.0,-0.9188376150296986,1.15560189306089,0.3791551310542117
16916.0,-0.8471773074765234,0.07394609082159041,-0.008109022449655867
16917.0,0.3614932132536987,-0.5571872395918231,0.5107072383822454
16918.0,-0.7229661077176863,1.5859404542672264,0.9068206614666219
16919.0,-0.21656660100858147,2.062432694683636,1.2142508000292385
16920.0,1.0016586273953973,-1.058145946714099,-0.6790862024144212
16921.0,-0.6704152155120245,-0.20175138038774237,-0.5776870188421581
16922.0,1.7755899489696898,-1.058145946714099,-0.2888153308491084
16923.0,-0.9045055535190636,2.4054512011867506,1.9257087168553135
16924.0,-0.8615093689871585,-0.20175138038774237,-0.06819937344561479
16925.0,1.6179372723527043,-1.058145946714099,-1.4260113115134458
16926.0,0.8105644739202634,0.2992073267345332,0.17923141226993944
16927.0,-0.4076607544837154,-0.20175138038774237,-0.37386261542594074
16928.0,-0.5796454926113359,2.2876939305965793,1.0476461928209138
16929.0,-0.9427243842140904,0.654643185938614,0.25290025194939697
16930.0,-0.8376225998027668,-0.20175138038774237,-0.6331144956434999
16931.0,-0.937947030377212,2.0119964593872464,1.2320450432490948
16932.0,-0.7086340462070513,-0.20175138038774237,-0.5718335568979618
16933.0,-0.9570564457247255,0.9303406571479473,0.8822745537213367
16934.0,-0.6990793385332946,0.48966298795922886,0.5956053036505207
16935.0,0.8631153661259252,-0.20175138038774237,-0.3902198920365595
16936.0,-0.8376225998027668,-0.5571872395918231,-0.3669436043268804
16937.0,1.422065765040692,-1.058145946714099,-1.1062086397380029
16938.0,-0.9188376150296986,0.9303406571479473,1.4697652231247655
16939.0,1.3742922266719084,-0.20175138038774237,-0.5355813150835744
16940.0,-0.7134114000439297,0.8001660338568091,1.4086811948581532
16941.0,1.9619067486079453,-1.058145946714099,-2.3752654241968734
16942.0,-0.8997281996821853,0.9303406571479473,0.531106410877776
16943.0,0.050965213856606045,0.2992073267345332,0.2551795283197309
16944.0,1.9523520409341886,-1.058145946714099,-1.5797114628116216
16945.0,-0.8567320151502801,2.442335020593583,1.6144509169314825
16946.0,0.8678927199628036,0.2992073267345332,0.2108580723566808
16947.0,0.1656217059416864,0.2992073267345332,0.033203341760777744
16948.0,-0.29778161623551336,0.654643185938614,-0.035189102350072846
16949.0,-0.9427243842140904,0.48966298795922886,0.24780429286056194
16950.0,-0.689524630859538,1.0480979277381186,0.9785738526596882
16951.0,-0.3168910315830268,-0.20175138038774237,0.2430108693029872
16952.0,-0.4411022313418638,0.2992073267345332,-0.09841231385103037
16953.0,-0.8185131844552533,-1.058145946714099,-2.696082967777105
16954.0,-0.9570564457247255,1.8470162614078611,1.3687727907609244
16955.0,-0.07802333973910935,0.48966298795922886,0.14817300986981644
16956.0,-0.8758414304977935,-1.058145946714099,-0.7804749162432592
16957.0,0.17995376745232144,-0.5571872395918231,-0.5647297498649979
16958.0,1.1163151194804777,-1.058145946714099,-0.11429364413804606
16959.0,-0.5462040157531874,-1.058145946714099,-1.4749376694056644
16960.0,-0.7755169999233482,0.8001660338568091,0.5629227501515682
16961.0,-0.4076607544837154,-0.20175138038774237,-0.09956369475861662
16962.0,0.996881273558519,-1.058145946714099,-0.9292767796152367
16963.0,-0.06846863206535267,-1.058145946714099,-1.517650788932145
16964.0,2.5399665628702257,-0.5571872395918231,-1.0649601729023253
16965.0,0.12262552140978127,-1.058145946714099,-1.0883535436632248
16966.0,-0.923614968866577,0.654643185938614,0.6200640923655741
16967.0,-0.05891392439159597,-1.058145946714099,-0.7569069952675229
16968.0,-0.9427243842140904,-0.5571872395918231,-0.5263777152041123
16969.0,-0.7755169999233482,-0.20175138038774237,-0.2438624924171231
16970.0,2.028789702324242,-1.058145946714099,-1.829673609407549
16971.0,-0.7802943537602266,-1.058145946714099,-0.6755308821929151
16972.0,0.8678927199628036,-0.5571872395918231,-0.14213219399044558
16973.0,0.8822247814734386,-1.058145946714099,-1.418357834030507
16974.0,1.5367222571257724,-0.5571872395918231,-0.659016061127216
16975.0,1.0589868734379375,-0.20175138038774237,0.01090274470451459
16976.0,0.3137196748849152,-1.058145946714099,-0.9279033917601271
16977.0,0.9252209660053438,0.07394609082159041,-0.4391529125818786
16978.0,-0.5892002002850927,-0.20175138038774237,-0.12324808487773388
16979.0,-0.9427243842140904,0.9303406571479473,0.8242260692058732
16980.0,0.25639142884237504,-0.20175138038774237,0.32058400376170476
16982.0,-0.6704152155120245,-1.058145946714099,-0.6233572158404287
16983.0,-0.8997281996821853,1.15560189306089,0.9680576107311634
16984.0,-0.5414266619163092,0.9303406571479473,1.75253784975827
16985.0,-0.8806187843346719,2.0119964593872464,1.791402968285276
16986.0,-0.8185131844552533,1.15560189306089,1.2111706271029443
16987.0,-0.9475017380509687,1.15560189306089,0.7333697423409504
16988.0,-0.937947030377212,-0.5571872395918231,-0.6259676100405205
16989.0,-0.9283923227034554,0.48966298795922886,0.15645527843266183
16990.0,0.08440669071475448,-0.5571872395918231,-0.7026536199714881
16991.0,1.0494321657641807,-1.058145946714099,0.09536815668097492
16992.0,-0.909282907355942,1.3460575542855853,1.293103777694437
16993.0,1.2548583807499498,-0.5571872395918231,0.5483056704007333
16996.0,-0.8185131844552533,0.9303406571479473,0.6094874977661816
16997.0,0.4140441054593605,-0.20175138038774237,-0.18884634226345823
16998.0,-0.24523072402985155,0.2992073267345332,-0.5904869780748171
16999.0,-0.8519546613134018,-0.5571872395918231,-0.4555758638350306
17000.0,0.9299983198422221,-0.5571872395918231,-0.58282587429252
17001.0,-0.9570564457247255,1.7867352234743035,1.4322250318021537
17002.0,-0.5509813695900658,0.654643185938614,0.7475802531568235
17003.0,0.9586624428634922,0.07394609082159041,-0.06966033851572896
17004.0,-0.7420755230651997,0.07394609082159041,0.6746590404928904
17005.0,1.2882998576080982,-0.5571872395918231,-0.27563385124725337
17006.0,-0.937947030377212,0.8001660338568091,0.42096799995317224
17007.0,-0.718188753880808,0.654643185938614,0.1480378122870797
17008.0,1.0876509964592076,-1.058145946714099,-1.736634412677326
17009.0,1.670488164558366,-1.058145946714099,-0.9554643793168904
17010.0,-0.8758414304977935,-1.058145946714099,-1.1094729338033802
17011.0,-0.8185131844552533,-0.20175138038774237,-0.22064829476957484
17012.0,2.5017477321751986,-1.058145946714099,-0.6687118476597933
17014.0,-0.923614968866577,-0.20175138038774237,-0.3221826089051374
17015.0,-0.8232905382921317,-0.20175138038774237,0.5055190215671344
17016.0,1.7946993643172031,-1.058145946714099,-0.3615627027404853
17017.0,-0.9475017380509687,2.2876939305965793,1.8931604426364002
17018.0,-0.7659622922495916,0.48966298795922886,0.6631885229344003
17019.0,-0.909282907355942,1.15560189306089,0.9908004974905454
17020.0,1.627491980026461,-0.5571872395918231,0.018261539501356804
17021.0,1.1497565963386263,0.48966298795922886,0.186965494759801
17022.0,-0.813735830618375,-0.5571872395918231,-0.904061395085346
17023.0,1.0303227504166674,-0.20175138038774237,-0.09448246823766641
17024.0,-0.7468528769020781,-0.20175138038774237,-1.6196521839947142
17025.0,-0.6704152155120245,0.2992073267345332,0.28250774176241167
17026.0,-0.07802333973910935,-0.20175138038774237,-1.185092439883321
17027.0,-0.5844228464482143,0.9303406571479473,0.261336389358525
17028.0,1.8138087796647167,-0.20175138038774237,0.4024515462488726
17029.0,-0.4315475236681071,0.654643185938614,0.6141237112909906
17030.0,-0.6560831540013895,-1.058145946714099,-1.3141954874234267
17031.0,-0.9045055535190636,0.48966298795922886,0.8022220764119138
17032.0,1.656156103047731,0.8001660338568091,0.8549952167159877
17033.0,-0.5509813695900658,0.07394609082159041,0.2734298315816858
17034.0,-0.8853961381715503,0.2992073267345332,0.24225971942881883
17035.0,0.21339524431046988,0.07394609082159041,-0.28586132578365325
17036.0,0.8678927199628036,-1.058145946714099,-1.1807378041886603
17037.0,-0.5414266619163092,-1.058145946714099,0.23709919488625783
17038.0,-0.8185131844552533,-0.5571872395918231,-0.14776513753416412
17039.0,1.9236879179129185,-1.058145946714099,0.5497981152270115
17040.0,-0.30255897007239174,-0.5571872395918231,-0.48835774175819024
17041.0,-0.8328452459658884,0.48966298795922886,0.429706872972706
17042.0,-0.9475017380509687,0.2992073267345332,0.09215429726891136
17043.0,-0.8089584767814967,0.8001660338568091,0.7537547888071459
17044.0,-0.842399953639645,1.2544959545938104,1.856993295150655
17045.0,-0.42199281599435046,0.2992073267345332,-0.07012185245700524
17046.0,-0.2117892471717031,0.2992073267345332,0.5315153086836669
17047.0,-0.5557587234269442,0.48966298795922886,0.6636709060462681
17048.0,-0.3981060468099587,0.654643185938614,0.5916252479394495
17049.0,-0.9475017380509687,1.7867352234743035,1.723511462025214
17050.0,-0.5032078312212823,1.15560189306089,1.1748177507948732
17051.0,-0.03502715520720422,0.07394609082159041,-0.1842507398516362
17052.0,-0.82806789212901,-1.058145946714099,-0.5957181057966696
17053.0,-0.33600044693054015,-1.058145946714099,-0.4355599835160551
17054.0,-0.82806789212901,0.2992073267345332,0.28605825467936413
17055.0,1.1688660116861396,-1.058145946714099,-0.9833475303833199
17056.0,2.563853332054617,-1.058145946714099,-1.4093908920213611
17057.0,1.8854690872178919,-1.058145946714099,-0.8138613706254272
17058.0,-0.5700907849375793,-0.20175138038774237,0.18554266469356503
17059.0,-0.8185131844552533,0.9303406571479473,1.2075922976907134
17060.0,0.30894232104803687,-1.058145946714099,-0.9790696902679566
17061.0,-0.608309615632606,1.15560189306089,1.2601738312180641
17062.0,0.5382553052181975,0.48966298795922886,-0.017984298220093495
17063.0,-0.8615093689871585,1.3460575542855853,0.9980240157242786
17064.0,-0.6799699231857812,-0.20175138038774237,-0.046329003898046374
17065.0,2.086117948366782,-0.5571872395918231,-1.111903214640141
17066.0,2.506525086012077,-1.058145946714099,-0.9974046307126468
17067.0,2.5017477321751986,-0.20175138038774237,-0.5020289565143284
17068.0,-0.9045055535190636,2.8683910257136036,1.650638379947455
17069.0,-0.82806789212901,1.4312993642702228,1.2984513538899947
17070.0,-0.4172154621574721,-0.5571872395918231,-0.529679484387478
17071.0,-0.82806789212901,1.3460575542855853,1.0281628818845372
17072.0,2.0240123484873638,-1.058145946714099,-0.8680534649384914
17073.0,-0.8758414304977935,0.07394609082159041,0.332280688234645
17074.0,1.7278164106009062,-1.058145946714099,-1.0817435971131846
17075.0,-0.8758414304977935,1.0480979277381186,0.646899211511578
17076.0,-0.7898490614339833,0.48966298795922886,0.22297863487292222
17077.0,1.7994767181540816,-1.058145946714099,-0.7868887242569107
17078.0,-0.7898490614339833,-0.5571872395918231,-0.6344267577627436
17079.0,-0.5892002002850927,-1.058145946714099,-1.4661476985471626
17080.0,-0.8567320151502801,0.654643185938614,0.034952556143316396
17081.0,-0.842399953639645,0.48966298795922886,0.028796480306496484
17082.0,-0.8041811229446183,0.48966298795922886,1.1876566050644048
17083.0,-0.4411022313418638,0.9303406571479473,1.0753011898431937
17084.0,-0.7946264152708616,-0.20175138038774237,1.22758404744493
17085.0,-0.37421927762556695,2.245808014503504,1.5527424726053214
17086.0,-0.9283923227034554,0.48966298795922886,0.5840633816560826
17087.0,2.563853332054617,-1.058145946714099,-1.019163240216928
17088.0,-0.82806789212901,0.07394609082159041,0.5629698588023672
17089.0,0.8822247814734386,-1.058145946714099,-1.410226826740256
17090.0,-0.9427243842140904,1.3460575542855853,0.8778091425275695
17091.0,-0.9475017380509687,1.7867352234743035,1.5196289048355178
17092.0,-0.7229661077176863,1.15560189306089,1.2976896486098748
17093.0,1.8711370257072568,-1.058145946714099,-0.9740548414074746
17094.0,0.5764741359132244,-0.5571872395918231,-0.590128838871691
17095.0,-0.8519546613134018,0.654643185938614,0.747776638825711
17096.0,-0.8901734920084285,1.15560189306089,1.0097097404283855
17097.0,-0.9522790918878471,0.9303406571479473,0.1628607138778715
17098.0,0.8631153661259252,-0.20175138038774237,-0.3128075893109448
17099.0,1.5844957954945558,-1.058145946714099,-0.3237405150115212
17100.0,-0.8758414304977935,-0.5571872395918231,0.04557497869426641
17101.0,-0.9140602611928204,0.654643185938614,0.7292515095282535
17102.0,0.28983290570052345,-1.058145946714099,-2.555156746691429
17103.0,2.487415670664564,-1.058145946714099,-0.5516105087548622
17104.0,1.0637642272748158,-1.058145946714099,-0.47178831791284476
17105.0,-0.20223453949794643,-0.5571872395918231,-0.22702876891489285
17106.0,0.8965568429840737,-1.058145946714099,-0.4604059680597154
17107.0,-0.8041811229446183,1.0480979277381186,2.0692811771138717
17108.0,2.2103291481256195,-1.058145946714099,-1.1886936152374494
17109.0,-0.8232905382921317,0.8001660338568091,0.25084831534636876
17110.0,-0.17357041647667631,-0.20175138038774237,-0.4335107649228731
17111.0,-0.7372981692283215,-0.5571872395918231,-0.4940866397196244
17112.0,1.4411751803882054,-1.058145946714099,-1.1013942365396812
17113.0,1.780367302806568,0.48966298795922886,0.6688088845979928
17114.0,-0.9331696765403337,0.8001660338568091,-0.09363606412877781
17115.0,-0.923614968866577,0.654643185938614,0.7989996526329758
17116.0,2.133891486735566,-1.058145946714099,-0.6127134237368619
17117.0,0.4140441054593605,-1.058145946714099,-1.4819859443107257
17118.0,0.557364720565711,-1.058145946714099,-1.2662745966445577
17119.0,-0.9475017380509687,-0.5571872395918231,-0.29374986464363706
17120.0,0.15128964443105136,-1.058145946714099,-0.7834640561435496
17121.0,0.9634397967003706,-1.058145946714099,-0.7666259997459013
17122.0,-0.3933286929730804,0.07394609082159041,-0.33833176216611116
17123.0,-0.18790247798731138,-0.20175138038774237,0.049593149263863046
17124.0,-0.07802333973910935,-1.058145946714099,-0.8150827820459857
17125.0,-0.7229661077176863,-1.058145946714099,-0.9906380165134628
17126.0,-0.23567601635609486,0.9303406571479473,0.572122834277846
17127.0,1.0876509964592076,0.2992073267345332,0.17018453558044533
17128.0,0.6385797357926429,-1.058145946714099,-1.2659549100211522
17129.0,1.5223901956151373,-1.058145946714099,-2.400102698122095
17131.0,-0.937947030377212,0.2992073267345332,0.7165108412074378
17132.0,1.1975301347074097,-0.5571872395918231,0.2101908460751197
17133.0,-0.8853961381715503,1.2544959545938104,2.0019183113046624
17134.0,-0.45065693901562054,-0.20175138038774237,-0.27223743495849784
17135.0,-0.8853961381715503,1.0480979277381186,0.4583242381264922
17136.0,2.200774440451863,-1.058145946714099,-0.9869680578649788
17137.0,1.0255453965797892,0.48966298795922886,0.13485426418961788
17138.0,0.3567158594168203,0.654643185938614,1.137982192015022
17139.0,-0.8853961381715503,2.110890520920167,2.2121620782081712
17140.0,0.21817259814734824,-1.058145946714099,-0.5026947778573418
17141.0,1.0351001042535457,0.07394609082159041,-0.16304776259856477
17142.0,0.17995376745232144,0.07394609082159041,0.24159828656432802
17143.0,1.0303227504166674,-0.5571872395918231,-0.025134570416591517
17144.0,-0.9570564457247255,-0.5571872395918231,0.05503334394054527
17145.0,1.488948718756989,0.07394609082159041,0.8872884633366599
17146.0,-0.45543429285249887,1.3460575542855853,1.3410440131943493
17147.0,-0.8519546613134018,0.9303406571479473,0.9053361125618947
17148.0,-0.7134114000439297,-1.058145946714099,-1.4304132477215163
17149.0,1.1927527808705314,-1.058145946714099,-1.3328374619634917
17150.0,0.8392285969415335,0.48966298795922886,0.2869192587055886
17151.0,2.5495212705439823,-1.058145946714099,-0.9862858871848829
17152.0,-0.030249801370325877,0.07394609082159041,0.5721478796037587
17153.0,-0.8471773074765234,-1.058145946714099,-1.0447504198740682
17154.0,-0.6035322617957277,-1.058145946714099,-0.7339968953894138
17155.0,-0.8758414304977935,0.654643185938614,-0.01579155231874367
17156.0,1.3886242881825435,-1.058145946714099,-0.31183291763640886
17157.0,-0.923614968866577,1.7867352234743035,1.2490078388924046
17158.0,-0.8089584767814967,0.2992073267345332,0.5589691823985412
17159.0,-0.8567320151502801,0.2992073267345332,0.6012802968970926
17160.0,-0.813735830618375,1.6565606001831652,1.742611948596224
17161.0,1.1593113040123828,-1.058145946714099,-0.04585718131463792
17162.0,-0.8232905382921317,1.0480979277381186,0.45550376811132953
17163.0,-0.8567320151502801,0.07394609082159041,-0.19112941074268894
17164.0,-0.8041811229446183,0.654643185938614,0.7177342516497607
17165.0,0.3949346901118471,0.48966298795922886,0.48792780908915423
17166.0,-0.7755169999233482,-0.5571872395918231,-1.0701980085145824
17167.0,0.8535606584521686,-0.20175138038774237,-0.03656806685384701
17168.0,1.422065765040692,-1.058145946714099,-0.593718252280456
17169.0,-0.6847472770226596,-0.20175138038774237,0.17124524235579722
17170.0,0.8248965354308985,-0.5571872395918231,-1.1735513440383831
17171.0,0.4188214592962389,-0.5571872395918231,-0.6223643663722294
17172.0,-0.5844228464482143,-0.20175138038774237,0.03422925733311815
17173.0,-0.937947030377212,0.8001660338568091,1.0229875100985935
17174.0,0.07962933687787613,-1.058145946714099,-1.954530721997336
17175.0,-0.7516302307389565,0.07394609082159041,0.3310825394712009
17176.0,0.0031916754878225607,-0.20175138038774237,-0.007869257104572532
17177.0,1.4507298880619621,-1.058145946714099,-1.4619422710515768
17178.0,2.5304118551964687,-1.058145946714099,-0.5370601850860097
17179.0,-0.1114648165972578,0.48966298795922886,0.3621658933815052
17180.0,-0.6943019846964162,1.15560189306089,0.6469443722287902
17181.0,-0.689524630859538,-0.20175138038774237,-0.7778927552225642
17182.0,1.0589868734379375,-0.5571872395918231,-0.7517825143727588
17183.0,-0.923614968866577,0.48966298795922886,0.9378242892249142
17184.0,1.7564805336221765,-0.5571872395918231,-1.098347160196017
17185.0,1.8663596718703783,-0.20175138038774237,-0.9938880987686751
17186.0,-0.7372981692283215,-0.5571872395918231,-1.328343178373953
17187.0,0.12262552140978127,-0.5571872395918231,-0.4814563005102872
17188.0,-0.909282907355942,1.3460575542855853,1.1661246299272048
17189.0,-0.45543429285249887,0.2992073267345332,0.032009635382971684
17190.0,-0.6799699231857812,0.654643185938614,0.46016084375139027
17191.0,-0.82806789212901,1.5110377522649707,1.1202977606729398
17192.0,1.5988278570051908,-1.058145946714099,-1.7919908721809181
17193.0,-0.7898490614339833,0.9303406571479473,0.6702001361655048
17194.0,0.3471611517430636,-0.20175138038774237,-0.08346714306643674
17195.0,2.167332963593714,-1.058145946714099,-0.34789289503046666
17196.0,1.0828736426223293,-1.058145946714099,-0.7374796100703414
17197.0,-0.8185131844552533,-1.058145946714099,0.07556787301799257
17198.0,-0.8471773074765234,-0.20175138038774237,-0.19895880083166062
17199.0,1.818586133501595,-1.058145946714099,-1.3743849190071988
17200.0,0.887002135310317,0.07394609082159041,-0.6765391368393184
17201.0,-0.703856692370173,0.07394609082159041,0.16269669468280473
17202.0,1.0494321657641807,-1.058145946714099,-1.2498804783629123
17203.0,-0.7898490614339833,1.0480979277381186,1.3045551448518282
17204.0,-0.12579687810789283,0.9303406571479473,1.2968091528490162
17205.0,-0.703856692370173,-0.20175138038774237,0.06577782278972116
17206.0,-0.7086340462070513,-1.058145946714099,-1.0775461841108684
17207.0,2.1530009020830794,-1.058145946714099,-0.8190544113623806
17208.0,0.9299983198422221,-1.058145946714099,-1.513778649745481
17209.0,2.138668840572444,-0.20175138038774237,-0.3071848234076359
17210.0,0.9156662583315871,-1.058145946714099,-0.9273319171446607
17211.0,-0.8328452459658884,1.3460575542855853,1.0242795766748265
17212.0,0.24683672116861832,-0.20175138038774237,-0.09969980597716192
17213.0,-0.7707396460864698,1.3460575542855853,1.2083084948458271
17214.0,-0.6751925693489029,0.48966298795922886,0.10766715825411087
17215.0,1.2548583807499498,-1.058145946714099,-1.1441491018994225
17216.0,1.684820226069001,-1.058145946714099,-1.911956322958085
17217.0,0.15606699826792972,-0.5571872395918231,-1.057225290053161
17218.0,-0.9427243842140904,1.7233615276208618,1.0465084493069265
17219.0,-0.8089584767814967,-0.5571872395918231,-0.9064715126802955
17220.0,-0.8471773074765234,1.9044924940644754,1.1444942160535128
17221.0,-0.9283923227034554,0.2992073267345332,0.04918716880331698
17222.0,-0.6513058001645111,0.48966298795922886,0.39594095574916355
17223.0,0.5191458898706842,-0.20175138038774237,-0.35424338027975527
17224.0,1.4316204727144486,-1.058145946714099,-1.583246038227357
17225.0,1.818586133501595,-1.058145946714099,-1.3953261463835576
17226.0,0.5143685360338058,-0.20175138038774237,-0.013363849569672901
17227.0,-0.8710640766609151,1.2544959545938104,0.5211689715490476
17228.0,-0.8853961381715503,1.3460575542855853,0.8141361436662329
17229.0,-0.5032078312212823,-0.5571872395918231,-0.7574936834825203
17230.0,0.29938761337428016,1.7233615276208618,1.6821281729159996
17231.0,-0.9045055535190636,2.110890520920167,1.476894177895764
17232.0,-0.9475017380509687,-0.5571872395918231,-0.5627793478211783
17233.0,-0.7946264152708616,-0.20175138038774237,-0.3506113638231613
17234.0,-0.08757804741286605,-1.058145946714099,-1.2996018370579727
17235.0,-0.842399953639645,0.8001660338568091,0.3883518380500295
17236.0,-0.8997281996821853,1.2544959545938104,0.5402398286107701
17237.0,-0.909282907355942,0.07394609082159041,0.06200132907293635
17238.0,-0.9475017380509687,2.4054512011867506,1.5036548983080316
17239.0,0.5334779513813193,0.07394609082159041,0.19136277304990335
17240.0,1.8854690872178919,-1.058145946714099,-1.3983366246960809
17241.0,0.8774474276365603,1.2544959545938104,0.7924770481312895
17242.0,-0.44587958517874215,0.2992073267345332,0.8316414607038675
17243.0,-0.9570564457247255,3.3345441581476316,2.2352793894945853
17244.0,-0.7086340462070513,0.2992073267345332,0.5005698538104709
17245.0,0.017523736998457606,-0.5571872395918231,-0.647042750368942
17246.0,1.6513787492108527,-0.5571872395918231,-2.259399563283628
17247.0,-0.8901734920084285,-1.058145946714099,-0.8505344890871407
17248.0,-0.388551339136202,-0.5571872395918231,-0.43258907190546225
17249.0,1.0876509964592076,-1.058145946714099,-1.8640796918671168
17250.0,-0.9427243842140904,-0.5571872395918231,-0.6272857797806415
17251.0,0.7723456432252367,-0.20175138038774237,-0.09556442834294836
17252.0,-0.40288340064683703,-0.5571872395918231,-0.69245304128572
17253.0,-0.8758414304977935,-1.058145946714099,-1.1752405876388787
17254.0,-0.937947030377212,-0.20175138038774237,-0.47873557346995704
17255.0,-0.7659622922495916,0.07394609082159041,-0.11132719816966999
17256.0,-0.45065693901562054,0.2992073267345332,-0.43490995336017735
17257.0,1.121092473317356,-0.5571872395918231,-1.130282397247439
17258.0,0.9347756736791005,-0.5571872395918231,-0.563589936956436
17259.0,-0.25478543170360823,0.48966298795922886,0.335416399089931
17260.0,1.0016586273953973,-1.058145946714099,-1.4533081994883077
17261.0,1.474616657246354,-1.058145946714099,-1.0189686420267414
17262.0,-0.7134114000439297,1.15560189306089,0.7239682669114604
17263.0,0.03185579850909265,-1.058145946714099,-1.9137463537553807
17264.0,1.0637642272748158,-1.058145946714099,-0.8815177032002317
17265.0,-0.29778161623551336,-0.5571872395918231,-0.3646868601012478
17266.0,-0.9522790918878471,0.2992073267345332,-0.4308927795908987
17267.0,-0.3551098622780536,-0.5571872395918231,-0.7610238619921195
17268.0,-0.44587958517874215,1.15560189306089,0.46321289354906575
17269.0,0.8822247814734386,-1.058145946714099,-0.4452641538836746
17270.0,1.2787451499343416,-0.5571872395918231,-0.3002623337805249
17271.0,2.5542986243808605,-1.058145946714099,-1.077335194812608
17272.0,-0.7611849384127132,0.07394609082159041,0.6179383014658832
17273.0,1.0637642272748158,-1.058145946714099,-1.342824502048049
17274.0,-0.7946264152708616,-0.5571872395918231,-0.3349044325181062
17275.0,0.8678927199628036,-1.058145946714099,-1.4950370278043006
17276.0,0.9586624428634922,-1.058145946714099,-0.4297880224103984
17277.0,0.1274028752466596,-0.5571872395918231,0.11189671329826188
17278.0,0.18950847512607816,-0.5571872395918231,-0.8736264462010385
17279.0,-0.6847472770226596,-1.058145946714099,-1.1376983241278305
17280.0,1.1306471809911127,-1.058145946714099,-1.465786271743771
17281.0,0.8248965354308985,0.48966298795922886,-0.09658475886750481
17282.0,-0.34077780076741854,0.2992073267345332,0.6697314744989292
17283.0,0.8487833046152902,-1.058145946714099,-1.1352940679415684
17284.0,-0.6751925693489029,0.8001660338568091,0.8059091310890217
17285.0,2.038344409997999,-0.5571872395918231,-0.5799252517954832
17286.0,-0.8567320151502801,-0.20175138038774237,-0.6138225658559694
17287.0,-0.8376225998027668,1.9044924940644754,1.034441289405785
17288.0,-0.9188376150296986,1.15560189306089,0.7180500113334448
17289.0,-0.8089584767814967,0.9303406571479473,0.5811435321167397
17290.0,-0.9427243842140904,0.8001660338568091,0.3528696102562824
17291.0,0.5095911821969275,-1.058145946714099,-0.3636526920372569
17292.0,1.2930772114449767,-0.5571872395918231,-0.8722754739722017
17293.0,-0.923614968866577,1.6565606001831652,1.0199213357077699
17294.0,2.2342159173100113,-0.5571872395918231,-0.48133310826694287
17295.0,-0.8232905382921317,-0.20175138038774237,-0.3686408047885843
17296.0,2.5256345013595904,-1.058145946714099,-0.7150408663659237
17297.0,-0.8806187843346719,-1.058145946714099,-1.4117339531297473
17298.0,-0.4793210620368906,0.2992073267345332,0.03248584357550855
17299.0,-0.9045055535190636,0.48966298795922886,0.06134820782941686
17300.0,0.9061115506578303,-0.5571872395918231,-0.6056184058050644
17301.0,-0.8615093689871585,-0.5571872395918231,-0.8147161415614464
17302.0,-0.8901734920084285,0.2992073267345332,0.15796830858471494
17303.0,0.7627909355514799,-1.058145946714099,-0.9321464246012635
17304.0,1.5892731493314343,-1.058145946714099,-1.5115294572541063
17305.0,2.138668840572444,-1.058145946714099,0.6135023119832614
17306.0,-0.909282907355942,1.9044924940644754,1.711788858311664
17307.0,0.9252209660053438,1.15560189306089,1.0663540494550696
17308.0,0.9156662583315871,-0.5571872395918231,1.1532566271356803
17309.0,-0.5079851850581607,-0.20175138038774237,-0.7538234512438649
17310.0,0.887002135310317,-0.5571872395918231,0.08412331503991796
17311.0,-0.5892002002850927,0.48966298795922886,0.9836071568879794
17312.0,-0.29778161623551336,-0.20175138038774237,-0.25066495585995047
17313.0,-0.813735830618375,-1.058145946714099,0.676048367429759
17314.0,-0.842399953639645,1.6565606001831652,1.2134816202643879
17315.0,-0.9522790918878471,2.7608870603908318,1.698176273391531
17316.0,1.0446548119273025,-1.058145946714099,-1.4328832036277896
17317.0,-0.7420755230651997,-0.20175138038774237,0.7556135461765228
17318.0,2.5017477321751986,-1.058145946714099,-1.2648599152357176
17319.0,2.2342159173100113,-1.058145946714099,-2.4632097820162375
17320.0,-0.48409841587376895,0.48966298795922886,0.7111243137777169
17321.0,-0.923614968866577,0.48966298795922886,0.4340564479195074
17322.0,0.8344512431046551,0.2992073267345332,0.008149140521992712
17323.0,-0.8901734920084285,1.2544959545938104,0.38281998202958734
17324.0,-0.8758414304977935,1.2544959545938104,0.6254344259790444
17325.0,0.37582527476433375,-0.20175138038774237,-0.290598282917641
17326.0,0.9873265658847623,-0.5571872395918231,-0.7721106869050287
17327.0,0.996881273558519,-0.5571872395918231,-1.287928556818236
17328.0,2.2533253326575244,-1.058145946714099,-1.5565343232955577
17329.0,-0.8949508458453069,0.2992073267345332,0.06518588701014856
17330.0,-0.8519546613134018,0.07394609082159041,-0.5524596201915503
17331.0,-0.3694419237886886,-1.058145946714099,-1.187668725743827
17332.0,1.5606090263101642,0.2992073267345332,-0.06095577716375326
17333.0,-0.5509813695900658,-1.058145946714099,-0.4416990511974579
17334.0,0.48092705917565737,-0.20175138038774237,-0.2609733605956277
17335.0,0.872670073799682,-0.5571872395918231,-0.43764402247813583
17336.0,1.2930772114449767,-1.058145946714099,-1.7387409206385385
17337.0,-0.2404533701929732,0.07394609082159041,0.5593553180312513
17338.0,-0.8806187843346719,1.6565606001831652,1.8525770225331846
17339.0,-0.5127625388950391,-0.20175138038774237,-0.7954983667906745
17340.0,-0.8185131844552533,1.7233615276208618,2.2140479459238356
17341.0,-0.2117892471717031,0.2992073267345332,0.2398768531084191
17342.0,0.8535606584521686,0.07394609082159041,0.21409685647187549
17343.0,0.7341268125302098,0.48966298795922886,0.23288680296892358
17344.0,-0.7420755230651997,-0.5571872395918231,-0.4975742770331261
17345.0,-0.8901734920084285,1.0480979277381186,0.39918540520033857
17346.0,-0.9427243842140904,2.1575193073054413,1.2272087643724665
17347.0,-0.5509813695900658,-1.058145946714099,-0.995455862620915
17348.0,-0.8901734920084285,0.9303406571479473,0.7103684001346011
17349.0,-0.10668746276037945,0.2992073267345332,-0.11994596699712122
17350.0,-0.923614968866577,0.654643185938614,0.5268183707589807
17351.0,-0.7898490614339833,1.2544959545938104,0.5619617877126456
17352.0,2.3632044709057265,-1.058145946714099,-2.3093685795111463
17353.0,-0.34555515460429687,0.07394609082159041,0.9147568446847265
17354.0,-0.718188753880808,0.07394609082159041,0.8902995181532234
17355.0,0.8822247814734386,-1.058145946714099,-0.8681587147544606
17356.0,0.5287005975444409,0.2992073267345332,0.026575300718424077
17357.0,-0.8471773074765234,-0.5571872395918231,-0.6227388661337194
17358.0,0.48570441301253575,0.2992073267345332,-0.04165809355127184
17359.0,-0.909282907355942,-0.5571872395918231,-0.8393988163679439
17360.0,-0.8806187843346719,0.48966298795922886,0.19803804496772479
17361.0,-0.7277434615545647,0.2992073267345332,-0.03268711972590565
17362.0,0.17995376745232144,0.654643185938614,0.08337725246968683
17363.0,0.9252209660053438,-0.20175138038774237,0.0064825215982881445
17364.0,-0.9570564457247255,2.245808014503504,1.857633789770693
17365.0,-0.8997281996821853,1.5110377522649707,1.5830730168437268
17366.0,1.1019830579698426,-0.5571872395918231,0.11990070592816028
17367.0,0.1751764136154431,-1.058145946714099,-1.2197087701485338
17368.0,-0.8519546613134018,1.4312993642702228,0.7981630184984465
17369.0,1.216639550054923,-1.058145946714099,0.05108961265891053
17370.0,-0.6130869694694844,0.07394609082159041,-0.5153989218501722
17371.0,-0.8806187843346719,0.48966298795922886,-0.23838711929559955
17372.0,-0.7659622922495916,2.245808014503504,1.1264611045865733
17373.0,-0.7707396460864698,0.654643185938614,0.1779291556324247
17374.0,0.08440669071475448,-0.20175138038774237,-0.16351355820345806
17375.0,-0.011140386022812485,0.07394609082159041,-0.23271288061853995
17376.0,-0.622641677143241,0.07394609082159041,-0.5034564693269918
17377.0,-0.8471773074765234,3.48398306701111,2.137513674663767
17378.0,0.8248965354308985,-1.058145946714099,-3.130031511526755
17379.0,-0.909282907355942,-1.058145946714099,-0.6128242612878042
17380.0,1.1115377656435994,-0.20175138038774237,-0.2498823635361552
17381.0,-0.9188376150296986,2.611849228042442,2.6601842437278136
17382.0,-0.6513058001645111,0.8001660338568091,-0.007901221216128273
17383.0,-0.9427243842140904,-0.5571872395918231,-0.7913936137786727
17384.0,-0.8710640766609151,-0.20175138038774237,-0.42256995207009124
17385.0,-0.8901734920084285,-1.058145946714099,-0.914900675197249
17386.0,-0.923614968866577,0.654643185938614,0.812276100567561
17387.0,-0.8662867228240368,-0.5571872395918231,-0.1442430195811627
17388.0,-0.5892002002850927,1.15560189306089,0.7761385542269053
17389.0,-0.9570564457247255,3.184600854015305,2.986653447851815
17390.0,1.0494321657641807,-1.058145946714099,-1.3024298192532937
17391.0,-0.17834777031355467,-0.5571872395918231,-0.42079789454660144
17392.0,0.5048138283600492,-0.20175138038774237,-0.3191137425807138
17393.0,1.0016586273953973,-0.5571872395918231,-0.6288329892559508
17394.0,0.08440669071475448,-1.058145946714099,-1.078848649330577
17395.0,1.4650619495725972,-1.058145946714099,-1.6074582031382119
17396.0,-0.7755169999233482,1.4312993642702228,1.6026560651521564
17397.0,-0.8567320151502801,-0.20175138038774237,0.1966970860688539
17398.0,-0.41243810832059374,-0.20175138038774237,-0.2405789055345448
17400.0,-0.3598872161149319,0.8001660338568091,1.170877744897189
17401.0,1.6227146261895826,-1.058145946714099,-1.4903487916931983
17402.0,-0.937947030377212,2.0119964593872464,1.1727920576502695
17403.0,-0.7898490614339833,-0.5571872395918231,-0.6255914318267839
17404.0,-0.9427243842140904,2.0119964593872464,2.8565885432890425
17405.0,-0.9570564457247255,-0.20175138038774237,0.08854861170656643
17406.0,0.6290250281188862,1.3460575542855853,1.0993377025578297
17407.0,1.0064359812322756,-1.058145946714099,-0.3609108201448454
17408.0,-0.18312512415043303,-0.20175138038774237,-0.7635462741655606
17409.0,-0.07802333973910935,1.0480979277381186,1.5477441992892176
17410.0,-0.8853961381715503,0.2992073267345332,0.20652487994173224
17411.0,-0.9045055535190636,0.2992073267345332,0.32187560391839265
17412.0,-0.9475017380509687,1.5859404542672264,1.1050494183166133
17413.0,0.9729945043741273,-0.5571872395918231,-0.3515369512613765
17414.0,-0.7516302307389565,0.48966298795922886,0.6510454225206115
17415.0,-0.5796454926113359,-1.058145946714099,-0.4221584469935605
17416.0,-0.8185131844552533,1.9594133665673954,2.1232264665203937
17417.0,1.6609334568846095,-1.058145946714099,-1.2342873112914359
17418.0,-0.7611849384127132,-0.20175138038774237,-0.22241021810152883
17419.0,-0.909282907355942,1.7233615276208618,1.3740188803716016
17420.0,-0.7229661077176863,0.48966298795922886,0.03197182762220906
17421.0,0.8822247814734386,-0.20175138038774237,0.1078645905663555
17422.0,-0.8853961381715503,1.15560189306089,0.989290470893463
17423.0,-0.7420755230651997,-0.20175138038774237,0.14729699521087167
17425.0,-0.8710640766609151,-0.5571872395918231,-0.13240995412057632
17426.0,-0.923614968866577,1.3460575542855853,1.5736001290434265
17427.0,-0.6178643233063628,-1.058145946714099,-1.5836713527142328
17428.0,-0.9570564457247255,2.8158079328937515,2.555089016085953
17429.0,-0.3503325084411752,0.2992073267345332,0.28665893988517566
17430.0,-0.8041811229446183,0.07394609082159041,-0.2753907193846107
17431.0,0.5334779513813193,-1.058145946714099,-0.5881622432180862
17432.0,-0.8758414304977935,0.9303406571479473,0.46117128336432495
17433.0,-0.5414266619163092,-0.5571872395918231,-0.3390141282630199
17434.0,-0.9522790918878471,0.654643185938614,0.6898512277611745
17435.0,1.0016586273953973,-1.058145946714099,-0.7296181305283556
17436.0,-0.9522790918878471,0.2992073267345332,-0.3858899301211294
17437.0,1.5701637339839207,-1.058145946714099,-0.6508300553959466
17438.0,0.25161407500549665,0.2992073267345332,0.3205535853230533
17439.0,2.1721103174305925,-1.058145946714099,-0.7419064722380828
17440.0,-0.2117892471717031,0.07394609082159041,-0.7466941573759334
17441.0,2.535189209033347,-1.058145946714099,-0.8172620211329833
17442.0,-0.7850717075971049,1.5110377522649707,1.1704124301996177
17443.0,0.08918404455163283,-1.058145946714099,-0.38564713965105324
17444.0,-0.25478543170360823,-0.20175138038774237,0.8442084244053774
17446.0,-0.11624217043413615,-0.5571872395918231,-1.453604213250542
17447.0,-0.7707396460864698,-0.5571872395918231,-0.375882129185266
17448.0,1.4125110573669353,2.842379197713229,1.9970318027768614
17449.0,-0.9522790918878471,1.3460575542855853,1.2081232117595817
17450.0,-0.923614968866577,2.9672850872465237,4.03586297705393
17451.0,-0.9570564457247255,0.654643185938614,0.4579974269319124
17453.0,-0.8758414304977935,-0.5571872395918231,-0.4527583568305921
17454.0,-0.04458186288096092,1.0480979277381186,0.38137677868896314
17455.0,0.012746383161579257,-1.058145946714099,-1.3923281715095253
17456.0,0.7819003508989933,-0.5571872395918231,0.048404089049067976
17457.0,-0.3551098622780536,1.4312993642702228,1.3571610076539733
17458.0,-0.8901734920084285,-0.5571872395918231,-0.3919591757040909
17459.0,-0.7564075845758348,-0.5571872395918231,-0.23626775545439363
17460.0,-0.5127625388950391,1.5859404542672264,0.6210678092173489
17461.0,-0.8519546613134018,-0.20175138038774237,-0.15492992695852856
17462.0,-0.6751925693489029,-0.5571872395918231,-0.21637953882104652
17463.0,-0.8853961381715503,0.654643185938614,0.7373251702940593
17464.0,-0.20701189333482475,-0.20175138038774237,-0.004027906329312026
17465.0,1.0733189349485726,0.654643185938614,0.739465062809052
17466.0,-0.9140602611928204,-0.5571872395918231,-0.1285177613495801
17467.0,0.9252209660053438,-1.058145946714099,-1.5710196832838996
17468.0,-0.9140602611928204,-0.20175138038774237,-1.1115344639046159
17469.0,-0.8853961381715503,1.6565606001831652,1.2347690477072173
17470.0,-0.7468528769020781,1.15560189306089,0.7628280225601051
17471.0,1.3074092729556117,-1.058145946714099,-0.7509990726579501
17472.0,-0.04935921671783927,0.07394609082159041,0.00796154472271658
17473.0,0.9921039197216407,-0.5571872395918231,-0.2936430069657872
17474.0,1.9045785025654052,-1.058145946714099,0.0993671843184699
17475.0,-0.5844228464482143,-1.058145946714099,-1.113121430344435
17476.0,0.9299983198422221,-0.5571872395918231,-0.44812602720410366
17477.0,1.9666841024448236,-0.5571872395918231,0.16345339559853458
17478.0,0.9873265658847623,-0.5571872395918231,0.24021126831808212
17479.0,2.062231179182391,-1.058145946714099,-0.6136745817338597
17480.0,-0.5892002002850927,-0.5571872395918231,-0.024104086181010433
17481.0,-0.9427243842140904,0.07394609082159041,0.2303923249182744
17482.0,1.3647375189981519,-0.5571872395918231,-0.11693766040284086
17483.0,-0.6513058001645111,0.07394609082159041,-0.3120033902027764
17484.0,1.7899220104803248,-0.5571872395918231,-1.0590398363214852
17486.0,0.2850555518636451,-1.058145946714099,-0.5997345119658529
17487.0,2.516079793685834,-1.058145946714099,-1.250327155078337
17488.0,2.1004500098774175,-1.058145946714099,-0.7185186442978377
17489.0,-0.6799699231857812,-0.5571872395918231,-0.6374024347652477
17490.0,-0.9570564457247255,0.9303406571479473,0.7961222744552763
17491.0,-0.9570564457247255,1.6565606001831652,1.3160817488143284
17492.0,0.22294995198422657,-0.20175138038774237,0.14953002010905003
17493.0,0.8774474276365603,-1.058145946714099,-1.582891800820683
17494.0,1.436397826551327,-1.058145946714099,-2.018956194796758
17495.0,-0.923614968866577,-0.20175138038774237,-0.08861412184916588
17496.0,0.7532362278777233,0.07394609082159041,0.3155271164978819
17497.0,0.9013341968209521,-0.5571872395918231,-0.8323781253630984
17498.0,-0.5987549079588493,-1.058145946714099,-0.8710326951679517
17499.0,0.4235988131331172,-0.5571872395918231,0.2780690976183679
17500.0,-0.8806187843346719,-0.20175138038774237,0.15947183653070798
17501.0,0.09396139838851118,-0.5571872395918231,-0.82900537581155
17502.0,-0.9188376150296986,0.07394609082159041,-0.20221489777527762
17503.0,-0.9475017380509687,-0.5571872395918231,-0.35305645742936315
17504.0,0.022301090835335952,1.7233615276208618,1.6899029369463232
17505.0,-0.18790247798731138,0.2992073267345332,0.708353689432853
17506.0,-0.5987549079588493,-1.058145946714099,-0.7958791790121641
17507.0,0.28983290570052345,-0.5571872395918231,-0.2953308306195953
17508.0,0.3806026286012121,0.8001660338568091,1.163968776492448
17509.0,-0.6847472770226596,0.8001660338568091,1.3689816122817047
17510.0,-0.842399953639645,-0.5571872395918231,-0.41268799765478703
17511.0,-0.9475017380509687,3.164510717157243,3.781700435292462
17512.0,-0.8232905382921317,1.7233615276208618,1.291959012732453
17513.0,-0.6178643233063628,-0.20175138038774237,0.17253470791954048
17514.0,-0.3503325084411752,-0.5571872395918231,-0.40234578590567033
17515.0,-0.813735830618375,0.9303406571479473,0.40636951361229195
17516.0,-0.8901734920084285,0.48966298795922886,0.027359579487292996
17517.0,0.5143685360338058,-1.058145946714099,-1.280482845576062
17518.0,1.0733189349485726,-0.5571872395918231,-0.7338221076776588
17519.0,-0.8806187843346719,1.5110377522649707,1.1940548920925043
17520.0,-0.703856692370173,-1.058145946714099,-0.3688911175539398
17521.0,-0.8185131844552533,0.2992073267345332,0.243185837077227
17522.0,-0.9522790918878471,0.2992073267345332,0.11551589563032345
17523.0,-0.909282907355942,0.07394609082159041,-0.24128521833196237
17524.0,0.7627909355514799,-0.20175138038774237,-0.3790690197883858
17525.0,0.7580135817146015,-0.20175138038774237,0.174461493927929
17526.0,-0.937947030377212,1.2544959545938104,1.055327957853239
17527.0,-0.703856692370173,0.07394609082159041,0.021145800377123262
17528.0,-0.9570564457247255,0.8001660338568091,0.9960320154237813
17529.0,1.9523520409341886,-0.5571872395918231,0.22152626104472214
17530.0,-0.9570564457247255,1.2544959545938104,0.8068479913506247
17531.0,-0.05413657055471762,-0.20175138038774237,0.23681457749193252
17532.0,0.8822247814734386,-1.058145946714099,-1.8927710876971486
17533.0,1.1163151194804777,-1.058145946714099,-2.3380281370439877
17534.0,-0.703856692370173,0.2992073267345332,0.43562299028309487
17535.0,0.37582527476433375,-1.058145946714099,-1.2333265603431383
17536.0,-0.11624217043413615,-0.20175138038774237,-0.6603368480206289
17537.0,-0.8185131844552533,-0.5571872395918231,-0.019671821284844074
17538.0,-0.8376225998027668,-1.058145946714099,-1.6007475324814298
17539.0,1.9905708716292154,0.07394609082159041,0.1836759132198775
17540.0,-0.842399953639645,0.48966298795922886,0.40098814661847987
17541.0,1.474616657246354,-1.058145946714099,-1.459788982765388
17542.0,0.32805173639555024,-0.20175138038774237,-0.7092745096011024
17543.0,1.6657108107214877,-1.058145946714099,-1.4586551094858327
17544.0,0.9013341968209521,-0.20175138038774237,0.025317153200048775
17545.0,-0.7564075845758348,0.48966298795922886,0.3139785586626088
17547.0,0.8344512431046551,-0.5571872395918231,-0.1627803137598771
17548.0,0.15606699826792972,0.07394609082159041,-0.15941103529155862
17549.0,-0.8471773074765234,-0.5571872395918231,-1.3045460587861601
17550.0,-0.020695093696569182,0.9303406571479473,0.7291334997964773
17551.0,0.7532362278777233,-1.058145946714099,-0.8246813933995734
17552.0,-0.6751925693489029,1.2544959545938104,0.8055751922259274
17553.0,-0.34077780076741854,0.07394609082159041,1.0212611491093924
17554.0,-0.9570564457247255,0.2992073267345332,0.5488601561778007
17555.0,-0.8662867228240368,0.2992073267345332,0.09849881369343236
17556.0,0.022301090835335952,-0.5571872395918231,-0.7995308779409059
17557.0,-0.8949508458453069,0.07394609082159041,-0.3320940938793773
17558.0,0.9156662583315871,-1.058145946714099,-0.9063605260109872
17559.0,1.488948718756989,-1.058145946714099,-1.2194090514952585
17560.0,-0.5079851850581607,0.8001660338568091,0.5276175900540979
17561.0,-0.8710640766609151,0.07394609082159041,-0.18779978106453987
17562.0,-0.8949508458453069,0.654643185938614,0.1495043185050205
17563.0,1.7994767181540816,-0.5571872395918231,-0.6079267380985195
17564.0,-0.8471773074765234,-0.20175138038774237,-0.5028692611746408
17565.0,1.8424729026859867,-1.058145946714099,-1.3916213749224768
17566.0,-0.923614968866577,-0.5571872395918231,-0.034359670531769276
17567.0,-0.9283923227034554,0.9303406571479473,1.2036516481576816
17568.0,2.062231179182391,-1.058145946714099,-0.6416006346314097
17569.0,0.6242476742820079,-1.058145946714099,-0.7023607630489536
17570.0,0.8631153661259252,-1.058145946714099,-1.5893662899395853
17571.0,-0.7229661077176863,0.2992073267345332,0.4190420480771348
17572.0,-0.622641677143241,1.0480979277381186,-0.24187065722708492
17573.0,-0.8232905382921317,-0.20175138038774237,-0.6298726130088234
17574.0,0.19906318279983484,-1.058145946714099,-1.1460801612348808
17575.0,2.2246612096362544,-1.058145946714099,-1.2021513177314134
17576.0,-0.923614968866577,2.703410827734218,1.6281493593665728
17577.0,2.119559425224931,-0.5571872395918231,-0.6927831808674252
17578.0,0.07962933687787613,0.654643185938614,0.0995944421959683
17579.0,-0.937947030377212,0.07394609082159041,-0.1380246624049385
17580.0,0.24683672116861832,0.2992073267345332,-0.3765609970976197
17581.0,-0.9570564457247255,2.7608870603908318,2.149960354960087
17582.0,0.1656217059416864,0.2992073267345332,0.33270954132854347
17583.0,1.7134843490902711,-1.058145946714099,-1.369572527910814
17584.0,-0.9283923227034554,0.48966298795922886,1.2707430398631203
17585.0,-0.4411022313418638,0.654643185938614,0.5891937918831803
17586.0,1.9953482254660937,-1.058145946714099,-1.2203514437767655
17587.0,2.038344409997999,-1.058145946714099,-1.1815091414816383
17588.0,-0.48409841587376895,0.654643185938614,0.8440881520028901
17589.0,-0.6751925693489029,1.7233615276208618,1.962122519445204
17590.0,-0.9522790918878471,-0.20175138038774237,0.3431376315168219
17591.0,-0.6130869694694844,0.8001660338568091,0.679287993640628
17592.0,2.568630685891496,-1.058145946714099,-1.3072484589708917
17593.0,-0.9427243842140904,1.15560189306089,1.5748989868624346
17594.0,-0.5557587234269442,0.07394609082159041,0.7266075003785419
17595.0,-0.9045055535190636,-0.5571872395918231,-0.618443805179439
17596.0,-0.8519546613134018,1.3460575542855853,1.1500022558560712
17597.0,0.06051992153036274,0.2992073267345332,0.966724993040512
17598.0,0.8583380122890469,-1.058145946714099,-0.5763333518084816
17599.0,1.3217413344662468,-1.058145946714099,-2.0541419796316878
17600.0,-0.8758414304977935,-1.058145946714099,-1.2453400949907578
17601.0,0.17995376745232144,-0.5571872395918231,-0.5709090623452883
17602.0,-0.9522790918878471,1.4312993642702228,1.5058919274250098
17603.0,-0.5892002002850927,0.07394609082159041,0.48553560251903255
17604.0,0.07485198304099779,0.48966298795922886,0.02345259139705211
17605.0,1.8568049641966218,-1.058145946714099,-1.2494340778854247
17606.0,2.559075978217739,-1.058145946714099,-1.6863660401418499
17607.0,0.8344512431046551,-1.058145946714099,-0.7242949434719067
17608.0,-0.8041811229446183,0.07394609082159041,-0.45077786541478043
17609.0,-0.7659622922495916,1.15560189306089,0.5246049574020614
17610.0,1.6179372723527043,0.2992073267345332,0.36440220014159785
17611.0,-0.9283923227034554,2.245808014503504,1.5964440915545726
17612.0,-0.7086340462070513,1.7233615276208618,1.2822642079936832
17613.0,-0.8519546613134018,1.4312993642702228,1.1584825234225484
17614.0,-0.689524630859538,-1.058145946714099,-0.6191330271338779
17615.0,-0.34077780076741854,0.48966298795922886,-0.16879704514395302
17616.0,-0.1305742319447712,0.07394609082159041,-0.1563223795506255
17617.0,1.7087069952533929,-1.058145946714099,-0.6212420314666653
17618.0,-0.9331696765403337,1.15560189306089,1.066669710602349
17619.0,0.5287005975444409,-1.058145946714099,-1.0427702748035705
17620.0,-0.6751925693489029,-1.058145946714099,-1.7359336072348104
17621.0,-0.8615093689871585,0.48966298795922886,0.8997149987029317
17622.0,1.8950237948916484,-0.5571872395918231,0.15451804436421737
17623.0,-0.8041811229446183,0.654643185938614,0.6874002636529266
17624.0,-0.8901734920084285,0.07394609082159041,0.39095480483392087
17625.0,-0.8758414304977935,0.8001660338568091,1.3564479679794317
17626.0,1.9189105640760402,-1.058145946714099,-0.9208488854146751
17627.0,1.326518688303125,-1.058145946714099,-0.8099181341472718
17628.0,-0.5748681387744575,-1.058145946714099,-1.7875569578529091
17629.0,-0.9331696765403337,1.0480979277381186,0.7142664403208187
17630.0,-0.1496836472922846,-0.5571872395918231,-0.4281984200469244
17631.0,-0.9522790918878471,0.654643185938614,0.06515699967338623
17633.0,-0.813735830618375,0.654643185938614,0.5866313914331296
17634.0,-0.7898490614339833,0.9303406571479473,0.6852071424563334
17635.0,1.0637642272748158,-0.20175138038774237,0.2361082417025577
17636.0,-0.8710640766609151,-1.058145946714099,-0.8366226425182629
17637.0,-0.813735830618375,-0.5571872395918231,-0.36856177668247964
17638.0,2.1291141328986876,-0.5571872395918231,-0.05741240618290674
17639.0,0.3567158594168203,0.48966298795922886,-0.2840080134984145
17640.0,-0.5462040157531874,0.48966298795922886,0.8983091159903341
17642.0,-0.388551339136202,0.2992073267345332,0.4999572177098754
17643.0,0.8201191815940201,-0.5571872395918231,-0.5259353423775035
17644.0,-0.9570564457247255,1.8470162614078611,1.3624224270981762
17646.0,0.08440669071475448,1.2544959545938104,1.047879449532558
17647.0,-0.6513058001645111,-0.20175138038774237,-0.7289451566590092
17648.0,-0.6704152155120245,0.2992073267345332,0.6403338389039711
17649.0,-0.30255897007239174,-0.20175138038774237,0.3956577420254719
17650.0,-0.8615093689871585,-1.058145946714099,-1.2260317819302564
17651.0,-0.9045055535190636,1.5859404542672264,1.32241731218215
17652.0,-0.842399953639645,1.2544959545938104,1.2080594633821016
17653.0,-0.7850717075971049,0.07394609082159041,0.20226108648628682
17654.0,0.3614932132536987,-1.058145946714099,-1.4737188771378997
17655.0,-0.909282907355942,0.9303406571479473,0.8530728224961314
17656.0,-0.6130869694694844,0.2992073267345332,0.4381517006083129
17657.0,1.0924283502960859,-1.058145946714099,-1.424019271280648
17658.0,-0.8376225998027668,-0.5571872395918231,-0.30752361963510055
17659.0,-0.8806187843346719,1.4312993642702228,0.9877289973500979
17660.0,-0.2882269085617567,-0.5571872395918231,-0.7063874825804133
17662.0,2.200774440451863,-0.5571872395918231,-0.5711880302904381
17663.0,-0.8376225998027668,1.6565606001831652,1.2523522461538203
17664.0,-0.8710640766609151,0.07394609082159041,0.17714419879435955
17665.0,1.393401642019422,-1.058145946714099,-0.3477393251662414
17666.0,-0.9427243842140904,0.2992073267345332,0.5832605427722181
17667.0,-0.6465284463276328,0.9303406571479473,1.0574243175434879
17668.0,-0.9570564457247255,-0.5571872395918231,-0.6948499812747109
17669.0,-0.7564075845758348,1.0480979277381186,1.3759130766471495
17670.0,0.1274028752466596,-1.058145946714099,-1.0724295382187288
17671.0,-0.8853961381715503,0.2992073267345332,0.5695169550690533
17672.0,-0.7229661077176863,0.654643185938614,1.3318594372858144
17673.0,-0.9522790918878471,1.3460575542855853,1.0970814520091703
17674.0,-0.608309615632606,-0.5571872395918231,-0.36333880760742676
17675.0,-0.9570564457247255,3.352069504384517,2.684438154054321
17676.0,-0.9427243842140904,1.0480979277381186,0.7122419688184257
17677.0,-0.9522790918878471,3.0365845316001647,2.6331057595612983
17678.0,0.29938761337428016,-0.5571872395918231,-0.30229006416870535
17679.0,-0.7086340462070513,0.654643185938614,0.9858394639488225
17680.0,-0.8471773074765234,-0.20175138038774237,-0.43705003732659814
17681.0,1.8902464410547701,0.2992073267345332,-0.15947018306339225
17682.0,-0.9140602611928204,1.15560189306089,1.078056162582927
17683.0,0.8822247814734386,-0.20175138038774237,-0.07771372222093005
17684.0,-0.7516302307389565,-1.058145946714099,-0.9633774554612378
17685.0,-0.8806187843346719,1.2544959545938104,1.2902582994736098
17686.0,-0.9283923227034554,0.9303406571479473,1.5929105068914848
17687.0,1.0494321657641807,-1.058145946714099,-0.5375260748116146
17688.0,0.9204436121684655,-1.058145946714099,-0.7911334055128979
17689.0,0.8917794891471953,-0.5571872395918231,-0.7612961306377406
17690.0,-0.8185131844552533,1.8470162614078611,1.4665017436755075
17691.0,0.7484588740408449,0.07394609082159041,-0.25825524187767374
17692.0,-0.3551098622780536,1.2544959545938104,0.8529321948564572
17693.0,-0.30733632390927007,-1.058145946714099,-1.0909285712929604
17694.0,-0.2834495547248783,-0.20175138038774237,0.44726067491737964
17695.0,-0.3312230930936618,0.2992073267345332,0.4682504816785272
17696.0,-0.7802943537602266,2.202452120611942,1.5371165060670648
17697.0,0.1656217059416864,-1.058145946714099,-0.7132976239852383
17698.0,0.2850555518636451,-1.058145946714099,-1.2757927596327299
17699.0,1.3169639806293683,-0.5571872395918231,-0.5221779321439781
17700.0,-0.8806187843346719,1.4312993642702228,1.43646951623084
17701.0,0.24683672116861832,-1.058145946714099,-0.5624691503307614
17702.0,-0.8185131844552533,0.48966298795922886,0.8926167309249929
17703.0,-0.7946264152708616,0.07394609082159041,0.1315879277404355
17704.0,-0.15446100112916294,-0.5571872395918231,-0.02168903779407593
17705.0,-0.9475017380509687,1.15560189306089,0.5958684771693106
17706.0,-0.9427243842140904,2.3674323185913275,2.2377249762173266
17707.0,-0.07802333973910935,0.8001660338568091,-0.2909175535712444
17708.0,-0.06369127822847431,0.07394609082159041,-0.022512183634401675
17709.0,-0.1496836472922846,0.2992073267345332,-0.22138906777280376
17710.0,1.0637642272748158,-1.058145946714099,-0.8168942723524596
17711.0,-0.909282907355942,-0.5571872395918231,-0.6214102704953002
17712.0,-0.7468528769020781,-1.058145946714099,-0.40109092148541386
17713.0,0.8631153661259252,0.07394609082159041,0.1965827187155143
17714.0,0.571696782076346,0.2992073267345332,0.3141422597134091
17715.0,-0.0015856783490557876,-0.5571872395918231,-0.44850846905023906
17716.0,-0.8519546613134018,2.062432694683636,2.0649630429920522
17717.0,1.0494321657641807,-1.058145946714099,-0.6368674348102529
17718.0,0.146512290594173,-0.5571872395918231,-0.5267875615427203
17719.0,-0.7802943537602266,1.5110377522649707,1.2824220448811414
17720.0,-0.8376225998027668,1.0480979277381186,0.773853238679734
17721.0,2.1864423789412277,-1.058145946714099,-0.7840493202139893
17722.0,-0.5032078312212823,0.2992073267345332,0.9741696915440521
17723.0,-0.3551098622780536,0.654643185938614,0.944495754086921
17724.0,-0.622641677143241,-0.20175138038774237,0.08965943599560704
17725.0,-0.8853961381715503,1.15560189306089,0.9573418282939207
17726.0,0.9252209660053438,0.654643185938614,0.12975441572489047
17727.0,-0.8901734920084285,-1.058145946714099,0.10843615891653259
17728.0,-0.9427243842140904,0.2992073267345332,1.1082128204897257
17729.0,1.8854690872178919,-1.058145946714099,-0.5276572061497321
17730.0,-0.9475017380509687,1.8470162614078611,1.5459165951098435
17731.0,-0.5844228464482143,0.48966298795922886,0.45277777314090545
17732.0,0.8201191815940201,0.8001660338568091,0.6238874659962083
17733.0,-0.7755169999233482,-0.5571872395918231,-0.1989900396231815
17734.0,-0.703856692370173,0.48966298795922886,0.3303977035070355
17735.0,-0.9522790918878471,2.1575193073054413,2.101707264281831
17736.0,-0.9188376150296986,-0.20175138038774237,-0.6358749142521436
17737.0,-0.9188376150296986,-0.5571872395918231,-1.2167598191339377
17738.0,-0.8710640766609151,1.3460575542855853,1.0987531700090132
17739.0,-0.9045055535190636,1.7233615276208618,1.5418936941575954
17740.0,0.8965568429840737,0.48966298795922886,-0.5472111589257997
17741.0,0.9825492120478839,-0.5571872395918231,-1.5815472818855327
17742.0,-0.42199281599435046,1.15560189306089,0.6008987647711297
17743.0,1.1784207193598963,-1.058145946714099,-0.994702911006301
17744.0,-0.9427243842140904,0.654643185938614,0.7690293055364148
17745.0,1.3217413344662468,-0.5571872395918231,-0.3015935145123358
17746.0,0.1847311212891998,0.07394609082159041,-0.0063844869252003365
17747.0,-0.42199281599435046,-1.058145946714099,-1.829673609407549
17748.0,1.5558316724732857,-1.058145946714099,-0.6736391676716249
17749.0,-0.1114648165972578,-0.20175138038774237,0.08488266202124851
17750.0,-0.937947030377212,0.9303406571479473,0.453393812706492
17751.0,1.0494321657641807,-1.058145946714099,-1.2624476701014953
17752.0,0.7532362278777233,-1.058145946714099,-1.742972468950948
17753.0,1.2548583807499498,0.07394609082159041,-0.6271161659020278
17754.0,-0.9570564457247255,1.3460575542855853,1.143507531167552
17756.0,0.8344512431046551,-0.20175138038774237,-0.16188953263190675
17757.0,-0.9570564457247255,3.0807148010694942,1.6575411506669093
17758.0,-0.8710640766609151,1.2544959545938104,1.2221988561353938
17759.0,-0.8806187843346719,0.2992073267345332,0.2339965093671961
17760.0,-0.8567320151502801,0.48966298795922886,-0.14464854181041928
17761.0,-0.8041811229446183,-1.058145946714099,-0.17786161251277047
17762.0,1.216639550054923,-1.058145946714099,-1.4030140195016694
17763.0,0.29461025953740183,0.07394609082159041,-1.695828745978571
17764.0,-0.718188753880808,0.2992073267345332,0.36517946084673536
17765.0,-0.20223453949794643,0.07394609082159041,-0.3995907079461671
17766.0,0.8583380122890469,-0.5571872395918231,-0.8020716898956506
17767.0,-0.8901734920084285,-0.5571872395918231,-0.5709613606232932
17768.0,-0.923614968866577,0.654643185938614,0.9259609630192801
17769.0,-0.8997281996821853,1.6565606001831652,1.475726587220861
17770.0,-0.011140386022812485,0.2992073267345332,0.16280394222019737
17771.0,-0.689524630859538,0.07394609082159041,-0.6171044998722732
17772.0,-0.909282907355942,-0.20175138038774237,-0.6684324400670743
17773.0,1.4937260725938672,-0.5571872395918231,-0.3322067985445058
17774.0,-0.498430477384404,0.9303406571479473,0.9218070491850571
17775.0,0.25639142884237504,-1.058145946714099,-1.9972549983442847
17776.0,0.887002135310317,-0.5571872395918231,-0.7313359706359652
17777.0,-0.842399953639645,-0.20175138038774237,-0.24702751547285087
17778.0,2.200774440451863,-1.058145946714099,-1.1009218230942595
17779.0,-0.8615093689871585,-0.20175138038774237,-0.24396222860116998
17780.0,2.2246612096362544,-0.20175138038774237,-0.6973172099507192
17781.0,-0.20223453949794643,-0.5571872395918231,-1.1369723872434219
17782.0,0.8678927199628036,-0.5571872395918231,-0.21283611800829325
17783.0,-0.6178643233063628,-0.20175138038774237,-0.6367910386045305
17784.0,1.6657108107214877,-1.058145946714099,-1.5028556633044678
17785.0,-0.7086340462070513,-0.20175138038774237,-0.5880194268652253
17786.0,-0.5557587234269442,-0.5571872395918231,-0.8853611626753541
17787.0,-0.2308986625192165,0.07394609082159041,0.49720382575151706
17788.0,-0.608309615632606,-0.5571872395918231,0.146619932359751
17789.0,0.3806026286012121,-0.5571872395918231,-0.5992267049205993
17790.0,-0.8328452459658884,1.8470162614078611,0.8036669677880243
17791.0,-0.8185131844552533,-1.058145946714099,-1.547036429038058
17792.0,1.2691904422605849,-0.5571872395918231,-0.6534246375991962
17793.0,-0.842399953639645,-1.058145946714099,-0.8003209271108371
17794.0,2.3202082863738216,-0.5571872395918231,-1.3120994822628747
17795.0,-0.10191010892350111,-0.5571872395918231,-0.7051057239292398
17796.0,-0.7707396460864698,0.654643185938614,0.21927804080143226
17797.0,-0.8567320151502801,0.8001660338568091,0.5560007072059826
17798.0,1.818586133501595,-1.058145946714099,-1.176006069888094
17799.0,-0.8567320151502801,1.8470162614078611,1.3880975687557597
17800.0,-0.7850717075971049,0.9303406571479473,0.19000326923857486
17801.0,1.1927527808705314,-0.20175138038774237,-0.12217066421647113
17802.0,-0.5700907849375793,1.0480979277381186,1.219604934855408
17803.0,0.9108889044947087,-1.058145946714099,-1.1499189672721615
17804.0,0.8344512431046551,-0.20175138038774237,-0.6238822919150887
17805.0,-0.608309615632606,-0.5571872395918231,0.011610897621915712
17806.0,-0.909282907355942,-1.058145946714099,-0.36990643260977224
17807.0,0.9252209660053438,-0.20175138038774237,-0.5289389691061465
17808.0,1.6609334568846095,0.07394609082159041,-0.8967968094870107
17809.0,-0.8853961381715503,1.8470162614078611,1.7338440712399674
17810.0,2.2342159173100113,-0.5571872395918231,-0.6440850226132513
17811.0,-0.9427243842140904,2.8683910257136036,1.6921528696840549
17812.0,-0.8997281996821853,0.654643185938614,-0.0001831708191374399
17813.0,-0.8949508458453069,0.2992073267345332,0.44815338657348613
17814.0,0.8296738892677769,-0.5571872395918231,0.4094509965717929
17815.0,0.9156662583315871,-1.058145946714099,-0.3117233493854068
17816.0,-0.7850717075971049,0.48966298795922886,-1.6177169829720797
17817.0,-0.9427243842140904,0.48966298795922886,-0.10540318923272442
17818.0,2.563853332054617,-1.058145946714099,-1.4309869023246182
17819.0,-0.6178643233063628,1.2544959545938104,1.3615180175262753
17820.0,0.8248965354308985,-1.058145946714099,-1.1658392884501796
17821.0,0.9777718582110057,-1.058145946714099,-0.7225507428267948
17822.0,1.0446548119273025,0.2992073267345332,0.6227242325140303
17823.0,1.0494321657641807,-0.5571872395918231,-0.5104603185941544
17824.0,-0.718188753880808,-1.058145946714099,-0.8049830245014288
17825.0,1.899801148728527,0.07394609082159041,-0.18888741481455715
17826.0,0.8248965354308985,-1.058145946714099,-1.3834619691135528
17827.0,-0.937947030377212,0.48966298795922886,0.6905651600626519
17828.0,-0.8519546613134018,0.07394609082159041,0.498215283318006
17829.0,0.4665949976650223,0.2992073267345332,1.1914152987131659
17830.0,-0.9522790918878471,-0.20175138038774237,-0.5964220744545893
17831.0,-0.8041811229446183,-1.058145946714099,-2.326030693835864
17832.0,-0.7229661077176863,-1.058145946714099,-1.2738513623903456
17833.0,2.492193024501442,-1.058145946714099,-0.7143388113106528
17834.0,1.0207680427429107,-0.5571872395918231,-0.2016189362953003
17835.0,-0.9475017380509687,-0.20175138038774237,-0.7063454215980225
17836.0,-0.7372981692283215,-1.058145946714099,-1.5198542566756432
17837.0,-0.7611849384127132,0.8001660338568091,0.378243024232359
17838.0,-0.8328452459658884,1.3460575542855853,1.309795682718508
17839.0,-0.7611849384127132,-1.058145946714099,-0.7588720189561746
17840.0,1.1593113040123828,-1.058145946714099,-1.1848067526693664
17841.0,-0.9522790918878471,4.703608573249776,3.1170659252928665
17842.0,1.914133210239162,-1.058145946714099,-0.5408459110313399
17843.0,0.48570441301253575,-0.5571872395918231,-0.7538009919788128
17844.0,-0.45065693901562054,-1.058145946714099,-2.0608401903520273
17845.0,1.6895975799058796,0.07394609082159041,-0.306713193499259
17846.0,-0.5557587234269442,-1.058145946714099,0.5780627959644081
17847.0,1.503280780267624,-0.5571872395918231,-1.4033453366199824
17848.0,-0.5748681387744575,2.3282062876889484,0.9820982115807264
17849.0,0.07962933687787613,0.8001660338568091,0.1108196133869352
17850.0,0.8153418277571418,4.324638360695156,2.9065974545623723
17851.0,1.0542095196010592,0.48966298795922886,0.38342898557851496
17852.0,-0.9045055535190636,0.2992073267345332,-0.23570875417365694
17853.0,0.9825492120478839,-0.20175138038774237,0.40356409906160823
17854.0,-0.07802333973910935,0.48966298795922886,0.11402585600790717
17855.0,0.8201191815940201,-1.058145946714099,-1.0610995596454196
17856.0,-0.9522790918878471,0.07394609082159041,0.318146468935403
17857.0,-0.9427243842140904,2.062432694683636,2.453802855983469
17858.0,-0.9331696765403337,2.3282062876889484,1.8898046201970986
17859.0,0.4952591206862924,-1.058145946714099,-1.3387726836679334
17860.0,0.8010097662465068,0.07394609082159041,-0.17321461430136087
17861.0,-0.9475017380509687,1.7233615276208618,1.2400417548862015
17862.0,0.586028843586981,0.07394609082159041,0.22999010822605154
17863.0,-0.6799699231857812,1.2544959545938104,1.2776503193573858
17864.0,-0.8997281996821853,0.2992073267345332,-0.02874466923362407
17865.0,-0.813735830618375,2.842379197713229,2.4259586216116436
17866.0,-0.278672200888,-0.20175138038774237,0.15753633777793863
17867.0,-0.8185131844552533,1.5110377522649707,0.39710005970082773
17868.0,0.8822247814734386,-1.058145946714099,-1.0011598126869046
17869.0,-0.45065693901562054,0.654643185938614,-0.08245631375146288
17870.0,-0.9522790918878471,1.3460575542855853,0.796853833274028
17871.0,0.017523736998457606,0.2992073267345332,0.11432950722843732
17872.0,0.8631153661259252,-1.058145946714099,-0.974085314422744
17873.0,-0.5796454926113359,1.7233615276208618,1.3902202149648504
17874.0,-0.07802333973910935,0.48966298795922886,-0.2081384536823331
17875.0,2.3249856402107,-1.058145946714099,-1.2216385101785516
17876.0,0.9491077351897356,-0.20175138038774237,0.9541748619140297
17877.0,-0.1496836472922846,-1.058145946714099,-0.9688022782402448
17878.0,-0.7516302307389565,-0.20175138038774237,0.29797799815350445
17879.0,-0.1305742319447712,-1.058145946714099,-1.1741943993585007
17880.0,0.7819003508989933,-0.20175138038774237,-0.07252998904989247
17881.0,0.4904817668494141,-1.058145946714099,-1.3834082395702554
17882.0,0.8487833046152902,-0.5571872395918231,-0.8216650093222051
17883.0,-0.9475017380509687,0.654643185938614,0.05784758328778249
17884.0,-0.9427243842140904,1.8470162614078611,0.7823419997204429
17885.0,-0.9045055535190636,-1.058145946714099,-1.2693875142885729
17886.0,-0.8089584767814967,0.48966298795922886,0.3927552574325321
17887.0,-0.34555515460429687,-1.058145946714099,-1.512492538850067
17888.0,-0.8615093689871585,2.110890520920167,0.4931836782511015
17889.0,0.050965213856606045,0.654643185938614,-0.14461956838038365
17890.0,0.5812514897501027,-0.5571872395918231,-0.31792176290446295
17891.0,-0.18790247798731138,-1.058145946714099,-1.0788838837312424
17892.0,-0.6943019846964162,-0.20175138038774237,-0.9494313538654583
17893.0,0.11307081373602457,-1.058145946714099,-1.5395937844985703
17894.0,-0.6178643233063628,1.7233615276208618,0.6684927436681324
17895.0,-0.7516302307389565,-1.058145946714099,-1.6226395842198935
17896.0,-0.8519546613134018,-1.058145946714099,-0.9143113463722218
17897.0,-0.13535158578164955,0.9303406571479473,0.6013833790800829
17898.0,-0.5557587234269442,0.07394609082159041,-0.8031049519642912
17899.0,-0.20223453949794643,-1.058145946714099,-1.277646576508088
17900.0,-0.05413657055471762,-0.5571872395918231,-1.5070519888935976
17901.0,-0.8232905382921317,-0.20175138038774237,-0.9038401785500283
17902.0,1.6513787492108527,-1.058145946714099,-1.0359984341870858
17903.0,0.9204436121684655,-1.058145946714099,-0.6289463300207222
17904.0,-0.8615093689871585,-1.058145946714099,-1.1640132778383576
17905.0,-0.622641677143241,1.3460575542855853,0.6280219049018863
17906.0,0.21817259814734824,-1.058145946714099,-1.8148713911418473
17907.0,2.1004500098774175,-1.058145946714099,-0.8211717204701686
17908.0,0.8248965354308985,0.2992073267345332,0.16229910892374588
17909.0,2.559075978217739,-1.058145946714099,-1.5208935147320195
17910.0,2.506525086012077,-1.058145946714099,-0.8993750687776897
17911.0,-0.9188376150296986,-1.058145946714099,-0.6575797405605193
17912.0,0.5191458898706842,0.48966298795922886,-0.6414084030592774
17913.0,-0.6799699231857812,1.4312993642702228,0.9552846709447165
17914.0,-0.9427243842140904,-1.058145946714099,-0.7339531944934362
17915.0,1.670488164558366,-1.058145946714099,-1.0055073363572955
17916.0,2.0431217638348773,-0.5571872395918231,-2.1750234863365785
17917.0,-0.7468528769020781,-0.20175138038774237,-0.7216694798121652
17918.0,1.4316204727144486,-0.20175138038774237,-0.6006058703282465
17919.0,-0.5414266619163092,-0.5571872395918231,0.5061896828498771
17920.0,-0.9427243842140904,3.0365845316001647,2.3468796322344234
17921.0,-0.6560831540013895,1.0480979277381186,0.6960675426888929
17922.0,1.6322693338633394,-1.058145946714099,-1.2076054466379582
17923.0,0.3853799824380904,-0.20175138038774237,-0.4377019984268511
17924.0,-0.9045055535190636,0.8001660338568091,0.918242931692119
17925.0,0.8201191815940201,-1.058145946714099,-0.9494902570887227
17926.0,-0.3264457392567835,0.2992073267345332,0.0913956012934187
17927.0,2.487415670664564,-1.058145946714099,-0.8156697944522256
17928.0,-0.7468528769020781,-0.20175138038774237,-0.7084514788459544
17929.0,-0.909282907355942,1.2544959545938104,0.8782588017835004
17930.0,-0.7898490614339833,1.3460575542855853,1.1143936866177948
17931.0,-0.3216683854199051,1.4312993642702228,0.9495700282091916
17932.0,-0.8232905382921317,-0.20175138038774237,0.27276928153492025
17933.0,2.057453825345512,-1.058145946714099,-1.4913463968261167
17934.0,-0.7134114000439297,-0.20175138038774237,0.10084651999393932
17935.0,-0.30255897007239174,0.654643185938614,-0.20531765220460022
17936.0,-0.937947030377212,-1.058145946714099,-0.6307622067864742
17937.0,-0.9188376150296986,0.654643185938614,1.1187692201048816
17938.0,1.0446548119273025,-1.058145946714099,-1.326900961012871
17939.0,-0.19745718566106807,-1.058145946714099,-1.595538878137333
17940.0,-0.7277434615545647,1.5859404542672264,2.5279779972889247
17941.0,-0.33600044693054015,0.07394609082159041,0.3258624236972971
17942.0,-0.923614968866577,-1.058145946714099,-1.7712831386414487
17944.0,1.0589868734379375,-1.058145946714099,-1.7947403411811076
17945.0,2.3679818247426048,-0.20175138038774237,-0.6692310345881294
17946.0,0.15128964443105136,-0.5571872395918231,-1.3010863445651095
17947.0,-0.7850717075971049,-1.058145946714099,-1.181631006961951
17948.0,-0.2595627855404866,-1.058145946714099,-0.672815608385594
17949.0,-0.9570564457247255,3.9901439552669107,3.504944358770875
17950.0,-0.6178643233063628,0.654643185938614,0.1771813025869636
17951.0,-0.7707396460864698,0.07394609082159041,0.2776334132012436
17952.0,0.8440059507784119,0.07394609082159041,-0.10511969025185543
17953.0,1.6179372723527043,-1.058145946714099,-1.2565196882572374
17954.0,-0.937947030377212,1.7867352234743035,1.0301896806064035
17955.0,-0.011140386022812485,0.48966298795922886,0.029183725891195854
17956.0,0.22772730582110493,-1.058145946714099,-3.0287533790546064
17957.0,-0.6465284463276328,-1.058145946714099,-1.5103754529330249
17958.0,-0.40288340064683703,-0.5571872395918231,0.047161238700538025
17959.0,1.8663596718703783,-1.058145946714099,-1.3447061879212208
17960.0,-0.14490629345540623,-0.20175138038774237,-1.3741727098188143
17961.0,-0.8615093689871585,3.7875156222399355,0.8259901704538809
17962.0,-0.2834495547248783,0.07394609082159041,-0.22575247676835777
17963.0,1.2882998576080982,0.07394609082159041,-0.25194128222968515
17964.0,-0.8089584767814967,-0.5571872395918231,-0.4884199376136534
17965.0,-0.7802943537602266,2.2876939305965793,1.4709290979541672
17966.0,-0.7802943537602266,1.0480979277381186,0.5530861014438772
17967.0,0.8153418277571418,-0.5571872395918231,-1.0130584590129301
17968.0,0.8248965354308985,0.07394609082159041,-0.31357607062311066
17969.0,-0.16879306263979799,1.8470162614078611,0.6838905159794564
17970.0,0.046187860019727696,-1.058145946714099,-0.34813611415426887
17971.0,1.656156103047731,-1.058145946714099,-1.2441429940238082
17972.0,0.19428582896295649,-1.058145946714099,-1.373589456028678
17973.0,-0.7134114000439297,-1.058145946714099,-0.7173646399767564
17974.0,-0.842399953639645,0.48966298795922886,0.4653732032239212
17975.0,-0.8901734920084285,2.062432694683636,1.4382349329593793
17976.0,0.8153418277571418,-1.058145946714099,-0.7506859339046722
17977.0,-0.8232905382921317,-0.5571872395918231,0.36416838137301066
17978.0,0.7819003508989933,0.07394609082159041,0.1732749534727358
17979.0,-0.7898490614339833,0.07394609082159041,-0.15827830534306686
17980.0,-0.16879306263979799,0.07394609082159041,0.07536140512466967
17981.0,1.0016586273953973,-1.058145946714099,-0.9642487042683897
17982.0,2.2915441633525515,-1.058145946714099,-1.3579134188648838
17983.0,0.9252209660053438,-1.058145946714099,-1.2021095222101892
17984.0,-0.2691174932142433,0.2992073267345332,0.16840904692801054
17985.0,-0.8567320151502801,-1.058145946714099,-0.26529809136690413
17986.0,-0.6943019846964162,-1.058145946714099,-2.696082967777105
17987.0,-0.07802333973910935,0.2992073267345332,0.04088480845880492
17988.0,-0.9045055535190636,1.4312993642702228,-0.4485967536436705
17989.0,0.8487833046152902,-1.058145946714099,-1.0667596434422326
17990.0,0.17039905977856476,0.48966298795922886,0.37183996648572387
17991.0,0.11307081373602457,-0.20175138038774237,-0.8004167494326413
17992.0,0.8965568429840737,-1.058145946714099,-0.924026256898585
17993.0,1.9857935177923371,-1.058145946714099,-1.0048392260100665
17994.0,-0.3789966314624453,1.15560189306089,0.657593984669782
17995.0,0.3853799824380904,-0.20175138038774237,-0.43990854208585467
17996.0,0.8535606584521686,-0.20175138038774237,-0.45928501006027916
17997.0,-0.608309615632606,0.8001660338568091,0.5525495590573475
17998.0,0.8535606584521686,-0.20175138038774237,-0.2563473560666224
17999.0,-0.7850717075971049,-0.20175138038774237,-0.39348449436341415
18000.0,1.7325937644377847,-1.058145946714099,-1.4340349063836317
18001.0,-0.9045055535190636,0.48966298795922886,0.009359523934659159
18002.0,0.8344512431046551,0.07394609082159041,-0.9486366304453028
18003.0,0.8344512431046551,-1.058145946714099,-0.6830255317742778
18004.0,0.7675682893883583,-1.058145946714099,-1.2621750930138234
18005.0,-0.9427243842140904,-0.5571872395918231,-1.0033144347747418
18006.0,-0.8519546613134018,0.07394609082159041,0.04391828953839774
18007.0,0.9156662583315871,-1.058145946714099,-1.0399270397424625
18008.0,-0.6274190309801194,2.0119964593872464,2.2192218793814273
18009.0,0.16084435210480805,0.8001660338568091,0.6164593004613536
18010.0,0.2659461365161317,-1.058145946714099,-1.1893092481524574
18011.0,0.8201191815940201,-0.5571872395918231,-0.5749120989099662
18012.0,2.492193024501442,-1.058145946714099,-1.4875503966561716
18013.0,-0.2213439548454598,-0.5571872395918231,-1.1397655081695726
18014.0,-0.82806789212901,-1.058145946714099,-1.2429036493868417
18015.0,-0.9427243842140904,-1.058145946714099,-1.458774380726866
18016.0,-0.8089584767814967,0.654643185938614,0.5496394125606209
18017.0,-0.5748681387744575,0.07394609082159041,-0.20336639175306764
18018.0,-0.44587958517874215,0.07394609082159041,-0.8059721792715286
18019.0,-0.7134114000439297,-1.058145946714099,-2.267948482361933
18020.0,1.6370466877002177,-1.058145946714099,-1.1276387450256045
18021.0,1.474616657246354,-0.5571872395918231,-1.0359652321195523
18022.0,-0.7898490614339833,0.2992073267345332,0.36216110752268754
18024.0,-0.2308986625192165,-0.5571872395918231,-0.6127134237368619
18025.0,0.8535606584521686,0.48966298795922886,0.18421501261282905
18026.0,1.4316204727144486,-0.5571872395918231,0.5924571075323679
18027.0,-0.48887576971064733,-1.058145946714099,-1.4874883331550721
18028.0,1.8233634873384732,-1.058145946714099,-1.1217443872932997
18029.0,2.1052273637142958,-1.058145946714099,-0.5357141233540611
18030.0,-0.9427243842140904,-0.5571872395918231,-0.9901704598421921
18031.0,0.8487833046152902,-1.058145946714099,-0.5071812689673809
18032.0,0.6338023819557645,-1.058145946714099,-1.8090344627131465
18033.0,-0.6513058001645111,-1.058145946714099,-1.6349427227052733
18034.0,-0.8567320151502801,-0.20175138038774237,-0.13714477891208915
18035.0,-0.7898490614339833,0.2992073267345332,0.2330527954041359
18036.0,-0.8089584767814967,1.15560189306089,0.3802341375925287
18037.0,-0.22612130868233815,1.5110377522649707,-1.2202657208921452
18038.0,1.6943749337427578,-1.058145946714099,-1.340998368694083
18039.0,0.8248965354308985,0.07394609082159041,-0.36703559815216164
18040.0,-0.8710640766609151,-0.5571872395918231,-0.6755510334903319
18041.0,-0.9045055535190636,2.611849228042442,1.5683091978069101
18042.0,-0.703856692370173,-0.5571872395918231,-0.8478175647729432
18043.0,-0.842399953639645,-0.20175138038774237,-0.3923538151499248
18044.0,-0.9427243842140904,1.7233615276208618,0.971168496323194
18045.0,-0.7468528769020781,-1.058145946714099,-1.1749185220232325
18046.0,2.1434461944093224,-1.058145946714099,-1.1308501560264217
18047.0,0.8583380122890469,-0.5571872395918231,-0.7411336708483823
18048.0,0.00796902932470091,-0.20175138038774237,-0.6032627359851822
18049.0,1.1258698271542344,-0.5571872395918231,-0.43204237300014087
18050.0,0.7532362278777233,-0.5571872395918231,-0.5726893329482972
18051.0,2.067008533019269,0.654643185938614,0.6614770902558551
18052.0,1.737371118274663,-1.058145946714099,1.7883583618922982
18053.0,-0.622641677143241,-0.20175138038774237,-0.3376121859669178
18054.0,0.9156662583315871,-1.058145946714099,-1.1823626322221563
18055.0,-0.9283923227034554,1.4312993642702228,1.737893785642806
18056.0,0.4140441054593605,-0.5571872395918231,-0.35869881258512526
18057.0,0.9156662583315871,-0.20175138038774237,0.19076223664741737
18058.0,-0.9140602611928204,-0.20175138038774237,-0.1184076495524475
18059.0,-0.8519546613134018,-0.20175138038774237,-0.7858079650386961
18060.0,0.9873265658847623,-0.5571872395918231,0.18893937241115258
18061.0,-0.8567320151502801,2.245808014503504,1.3690017793432165
18062.0,-0.13535158578164955,0.48966298795922886,0.41982011514602235
18063.0,0.9061115506578303,-0.5571872395918231,-1.1424155544506447
18064.0,-0.3264457392567835,1.15560189306089,1.1484532872488848
18065.0,-0.9331696765403337,2.2876939305965793,1.342767102959728
18066.0,-0.6035322617957277,-0.20175138038774237,0.32943683871675683
18067.0,-0.7707396460864698,-1.058145946714099,-0.6007148641198409
18068.0,0.4188214592962389,-1.058145946714099,-1.5773177997706478
18069.0,-0.8376225998027668,1.15560189306089,1.1457252744641642
18070.0,2.2342159173100113,-1.058145946714099,-0.7680906217416965
18071.0,0.2707234903530101,0.48966298795922886,0.17927457485847112
18072.0,-0.07324598590223101,-1.058145946714099,-0.9396613352242701
18073.0,-0.4172154621574721,1.2544959545938104,1.0406300364149517
18074.0,0.8248965354308985,-0.5571872395918231,0.08013065849333859
18075.0,-0.8519546613134018,1.8470162614078611,1.3324411995050007
18076.0,0.8535606584521686,-1.058145946714099,-1.2919880326772855
18077.0,-0.923614968866577,1.7233615276208618,1.0804504278296494
18078.0,0.07485198304099779,0.07394609082159041,-0.16508163159079386
18079.0,-0.7468528769020781,0.2992073267345332,1.1022584359571508
18080.0,-0.8710640766609151,-0.5571872395918231,0.2164198154496777
18081.0,-0.7898490614339833,-0.20175138038774237,-0.703805280965663
18082.0,-0.8376225998027668,-1.058145946714099,-0.21090679992647954
18083.0,0.9395530275159788,-1.058145946714099,-0.48792252075888226
18084.0,-0.8853961381715503,-0.20175138038774237,-0.09895604447000786
18085.0,0.6146929666082511,0.07394609082159041,0.27831640631020216
18086.0,0.3471611517430636,-1.058145946714099,-1.5798525140185369
18087.0,-0.49365312354752566,1.6565606001831652,2.0087564464159895
18088.0,-0.6704152155120245,-1.058145946714099,-1.226247827410631
18089.0,1.1736433655230178,-1.058145946714099,-0.5446011699596541
18090.0,1.0542095196010592,-1.058145946714099,-0.7504399915757894
18091.0,1.8711370257072568,-1.058145946714099,-0.6682329294109968
18092.0,-0.9522790918878471,1.7233615276208618,2.0054336551531593
18093.0,-0.5175398927319174,0.8001660338568091,1.1437490614823382
18094.0,-0.5700907849375793,1.3460575542855853,1.4046118363442612
18095.0,0.5334779513813193,0.2992073267345332,0.6680261045960931
18096.0,-0.9045055535190636,0.48966298795922886,0.4308696148229914
18097.0,-0.923614968866577,1.15560189306089,1.171601665138514
18098.0,0.9299983198422221,-1.058145946714099,-0.3941937751565525
18099.0,-0.3551098622780536,-1.058145946714099,-1.2164613221960763
18100.0,1.6657108107214877,-1.058145946714099,-0.5067664518952834
18101.0,-0.909282907355942,0.2992073267345332,-0.27603925309232835
18102.0,-0.9570564457247255,4.242786172024185,4.659775536393795
18103.0,1.6609334568846095,-1.058145946714099,-1.5490611976843138
18104.0,-0.7850717075971049,-1.058145946714099,-0.1367243439082773
18105.0,-0.7802943537602266,-1.058145946714099,-1.4989357594744845
18106.0,0.6146929666082511,0.48966298795922886,0.3297672802770495
18107.0,1.1497565963386263,-1.058145946714099,-1.2268963521007998
18108.0,0.25161407500549665,-0.20175138038774237,-0.051947107119454834
18109.0,-0.9522790918878471,2.611849228042442,1.6948703029048136
18110.0,-0.8662867228240368,-0.5571872395918231,-0.6081102556417983
18111.0,1.8520276103597433,-1.058145946714099,-0.5836238189714357
18112.0,-0.9045055535190636,0.07394609082159041,-0.11905986872961247
18113.0,0.8010097662465068,-1.058145946714099,-1.7822159476606583
18114.0,0.4235988131331172,-1.058145946714099,-1.0238167570226173
18115.0,2.3727591785794835,-1.058145946714099,-3.2097846804745434
18116.0,-0.6369737386538761,1.3460575542855853,0.6131745110143115
18117.0,-0.8376225998027668,-1.058145946714099,-0.7645485938948926
18118.0,-0.909282907355942,2.2876939305965793,1.3850979367553855
18119.0,0.7962324124096284,-1.058145946714099,-1.1654816618461932
18120.0,0.06051992153036274,-1.058145946714099,-1.513778649745481
18121.0,-0.2500080778667299,-0.5571872395918231,-0.24066715684731663
18122.0,-0.923614968866577,0.48966298795922886,0.4874210333957395
18123.0,-0.8471773074765234,-0.20175138038774237,-0.2260983669452512
18124.0,1.2930772114449767,-1.058145946714099,-1.5706713939892807
18125.0,-0.8185131844552533,0.07394609082159041,0.15550005612860518
18126.0,-0.6704152155120245,-1.058145946714099,-1.089318102853818
18127.0,-0.8710640766609151,0.07394609082159041,-0.3567137849394076
18128.0,1.6036052108420693,-1.058145946714099,-0.5953573623677406
18129.0,0.19906318279983484,-1.058145946714099,-1.504823626884116
18130.0,-0.8901734920084285,-0.20175138038774237,0.10785097627836769
18131.0,2.057453825345512,-1.058145946714099,-1.0145395318041968
18132.0,1.4459525342250839,-1.058145946714099,-1.0237188220724511
18133.0,0.050965213856606045,-1.058145946714099,0.015079354774037849
18134.0,1.8950237948916484,-0.5571872395918231,-0.5173061731622755
18135.0,-0.8232905382921317,1.0480979277381186,0.22695477437210587
18136.0,-0.6608605078382679,0.2992073267345332,0.41924106549857915
18137.0,1.670488164558366,-0.5571872395918231,-1.3185040534490593
18138.0,0.44748558231750896,-1.058145946714099,-1.2865178145794323
18139.0,-0.8758414304977935,0.48966298795922886,1.6051184360993027
18140.0,1.3026319191187332,-1.058145946714099,-0.3827265742133105
18141.0,0.9586624428634922,-0.5571872395918231,-0.023907970153560734
18142.0,-0.2117892471717031,-0.5571872395918231,0.08018724594625957
18143.0,-0.40288340064683703,-0.5571872395918231,0.06636206365455154
18144.0,-0.923614968866577,1.7867352234743035,1.2117903689781886
18145.0,-0.8997281996821853,1.15560189306089,1.3104521032310203
18146.0,-0.2882269085617567,-0.5571872395918231,-1.2512213385919941
18147.0,-0.7420755230651997,-0.5571872395918231,-1.1709047797580912
18148.0,2.1291141328986876,-1.058145946714099,-1.502919062325113
18149.0,-0.718188753880808,0.654643185938614,0.38417675248591393
18150.0,-0.8089584767814967,-0.20175138038774237,-0.3432999522893275
18151.0,-0.3168910315830268,0.48966298795922886,0.521364767745855
18152.0,2.1243367790618093,-1.058145946714099,-0.5475654973550785
18153.0,2.1864423789412277,-1.058145946714099,-0.9432147138639874
18154.0,-0.9475017380509687,0.2992073267345332,0.015930340890500775
18155.0,-0.6035322617957277,-0.20175138038774237,-0.6470621218429211
18156.0,-0.8997281996821853,-0.5571872395918231,-0.21643287611124376
18157.0,1.766035241295933,-1.058145946714099,-1.0443472382126322
18158.0,-0.9188376150296986,-0.5571872395918231,-0.5038376166820191
18159.0,0.47614970533877904,-1.058145946714099,-0.39118413330628526
18160.0,-0.689524630859538,-0.20175138038774237,0.06903918774040166
18161.0,-0.8901734920084285,0.48966298795922886,0.4914493075588937
18162.0,2.535189209033347,-1.058145946714099,-0.6472752423748463
18163.0,1.8281408411753517,-1.058145946714099,-0.1618005149495433
18164.0,-0.7850717075971049,-1.058145946714099,-0.5947084781687432
18165.0,-0.11624217043413615,-1.058145946714099,-0.7952604611331068
18166.0,2.0192349946504855,-1.058145946714099,-1.186440776115525
18167.0,-0.8519546613134018,-0.20175138038774237,0.3010732843358652
18168.0,-0.12101952427101449,1.5859404542672264,0.9565902482878098
18169.0,-0.6704152155120245,-1.058145946714099,-1.083159991090519
18170.0,-0.8041811229446183,0.9303406571479473,0.828818838924718
18171.0,-0.6799699231857812,0.9303406571479473,0.7088956402192008
18172.0,-0.8901734920084285,2.990819440597063,2.130235190240777
18173.0,-0.5462040157531874,0.2992073267345332,0.7817775719262796
18174.0,-0.9283923227034554,-0.5571872395918231,-1.2416664289949064
18175.0,2.2676573941681597,-1.058145946714099,-1.1839911259734424
18176.0,0.7484588740408449,-1.058145946714099,-0.46827155387661457
18177.0,-0.813735830618375,0.9303406571479473,0.6403175620154147
18178.0,-0.34555515460429687,1.15560189306089,1.3713621742277842
18179.0,-0.9188376150296986,0.8001660338568091,0.7408145051692901
18180.0,-0.937947030377212,0.48966298795922886,0.5075330518406966
18181.0,-0.8471773074765234,0.2992073267345332,0.19068941039387388
18182.0,1.2500810269130715,-1.058145946714099,-0.8227267232631591
18183.0,0.12262552140978127,-0.5571872395918231,-0.26447667660906804
18184.0,-0.8901734920084285,-1.058145946714099,-2.085424997106579
18185.0,0.22772730582110493,-1.058145946714099,-0.7910151600299418
18186.0,2.492193024501442,-1.058145946714099,-0.7334726591750559
18187.0,2.057453825345512,-1.058145946714099,-0.16571777119410255
18188.0,-0.8901734920084285,0.48966298795922886,0.9232955351212738
18189.0,-0.5892002002850927,-0.20175138038774237,0.31083547168814013
18190.0,-0.04458186288096092,0.2992073267345332,-0.14539259145133687
18191.0,0.28983290570052345,-0.5571872395918231,-0.3922040989261743
18192.0,-0.6178643233063628,-1.058145946714099,0.035283826033459836
18193.0,-0.17357041647667631,-0.20175138038774237,0.2021356501186184
18194.0,-0.5700907849375793,0.48966298795922886,1.095031428116936
18195.0,0.887002135310317,-1.058145946714099,-1.5811232167314035
18196.0,-0.5079851850581607,0.07394609082159041,0.3377964023696371
18197.0,1.7899220104803248,-1.058145946714099,-0.9918863169526991
18198.0,-0.9427243842140904,1.6565606001831652,1.2863594522362
18199.0,2.3058762248631863,-1.058145946714099,-0.7010861284780038
18200.0,-0.45543429285249887,-1.058145946714099,-1.297404630540225
18201.0,2.492193024501442,-1.058145946714099,-0.5132230599548149
18202.0,-0.0063630321859341355,-0.20175138038774237,0.30736374383846576
18203.0,-0.2117892471717031,0.07394609082159041,-0.4442249498274745
18204.0,-0.622641677143241,-0.20175138038774237,0.5572728406809534
18205.0,-0.7898490614339833,-0.5571872395918231,-0.40877835729873363
18206.0,1.6800428722321228,-1.058145946714099,-0.766808915058655
18207.0,1.422065765040692,-1.058145946714099,-0.3719810555829178
18208.0,1.7421484721115414,-1.058145946714099,-0.6697705857898493
18209.0,-0.8232905382921317,-1.058145946714099,-1.3531577214478525
18210.0,-0.9522790918878471,0.654643185938614,0.800915027014464
18211.0,-0.8376225998027668,0.2992073267345332,-0.30191768676893765
18212.0,0.5955835512607377,-0.5571872395918231,-0.4129540634708568
18213.0,0.17039905977856476,-1.058145946714099,-0.9844905213702831
18214.0,1.5749410878207992,0.07394609082159041,0.48228498674266684
18215.0,-0.5366493080794308,0.2992073267345332,0.6455624658249102
18216.0,-0.813735830618375,-1.058145946714099,-0.4601517316335934
18217.0,-0.8232905382921317,0.07394609082159041,0.025485032960196205
18218.0,0.046187860019727696,0.07394609082159041,0.14915725725187567
18219.0,-0.9475017380509687,1.6565606001831652,0.938985332586064
18220.0,0.12262552140978127,0.48966298795922886,0.5374297064439177
18221.0,-0.8567320151502801,0.48966298795922886,0.3216529044988888
18222.0,-0.5175398927319174,-1.058145946714099,-0.5205503563719095
18223.0,-0.937947030377212,2.1575193073054413,1.9705701672308369
18224.0,0.29938761337428016,-1.058145946714099,-1.257511831989595
18225.0,-0.9475017380509687,2.1575193073054413,1.9178582326213385
18226.0,-0.7516302307389565,2.1575193073054413,1.8519423525598049
18227.0,0.07962933687787613,-0.5571872395918231,-0.6146185007156583
18228.0,-0.689524630859538,-0.5571872395918231,-0.1129891241895262
18229.0,-0.9045055535190636,2.245808014503504,1.7384536040069074
18230.0,-0.9188376150296986,0.9303406571479473,1.1170625520337376
18231.0,-0.04458186288096092,2.245808014503504,1.45504935507398
18232.0,-0.5700907849375793,0.07394609082159041,-0.3104948893742041
18233.0,0.5955835512607377,-1.058145946714099,-0.5254441347715506
18234.0,1.6752655183952445,-1.058145946714099,-1.1698648522619695
18235.0,-0.6178643233063628,-0.20175138038774237,0.4887957405152776
18236.0,-0.8185131844552533,1.2544959545938104,0.4883418139704192
18237.0,-0.9475017380509687,0.2992073267345332,0.056883936754433886
18238.0,1.4985034264307455,-1.058145946714099,-0.8744754078385558
18239.0,0.08440669071475448,0.48966298795922886,0.45415680379508305
18240.0,-0.7420755230651997,-1.058145946714099,-0.5545356537070166
18241.0,-0.9140602611928204,1.9044924940644754,0.8556405155618313
18242.0,-0.6178643233063628,0.8001660338568091,0.991385209994493
18243.0,1.0159906889060324,-1.058145946714099,-0.41098190768470333
18244.0,1.0972057041329644,-0.5571872395918231,-0.3406848549510322
18245.0,-0.9283923227034554,1.8470162614078611,1.3970589053505802
18246.0,-0.8471773074765234,-0.20175138038774237,-0.13274237781632103
18247.0,1.0207680427429107,-0.20175138038774237,-0.05970116834591481
18248.0,-0.37421927762556695,-0.5571872395918231,-0.09103105403092968
18249.0,-0.8806187843346719,-1.058145946714099,-1.6234632914559164
18250.0,0.5191458898706842,-1.058145946714099,-0.6917107788372887
18251.0,-0.5462040157531874,0.9303406571479473,2.4250437257426243
18252.0,-0.718188753880808,0.654643185938614,0.3747053269933111
18253.0,2.110004717551174,-1.058145946714099,-0.75948294317569
18254.0,1.8138087796647167,-1.058145946714099,-0.8825370471901187
18255.0,-0.5366493080794308,-0.5571872395918231,-0.7936210457088351
18256.0,0.8917794891471953,-1.058145946714099,-1.5166808050695966
18257.0,-0.7755169999233482,1.2544959545938104,1.1672581949240295
18258.0,1.2548583807499498,0.48966298795922886,0.5874304919754925
18259.0,-0.842399953639645,0.654643185938614,1.0558150903089507
18260.0,-0.13535158578164955,2.0119964593872464,1.7238547447394952
18261.0,-0.7564075845758348,-0.5571872395918231,-0.7452278815881216
18262.0,-0.29300426239863503,-0.20175138038774237,-0.3294942547708183
18263.0,-0.8376225998027668,-0.20175138038774237,0.2055980405494219
18264.0,1.422065765040692,-1.058145946714099,-0.2981088670496956
18265.0,-0.6178643233063628,-0.5571872395918231,-0.09328518756572085
18266.0,1.1115377656435994,-1.058145946714099,-0.9291049631628627
18267.0,2.2533253326575244,-1.058145946714099,-0.8786017566479277
18268.0,-0.3216683854199051,0.48966298795922886,0.35396924040961203
18269.0,0.7866777047358717,-1.058145946714099,-1.2152260053253614
18270.0,-0.7802943537602266,-0.20175138038774237,-0.5180348441839243
18271.0,1.9523520409341886,-0.5571872395918231,-0.21089621350949198
18272.0,-0.9475017380509687,0.9303406571479473,1.1328520386037026
18273.0,-0.9522790918878471,0.07394609082159041,-0.675954177622058
18274.0,-0.8185131844552533,-1.058145946714099,-1.1847251485147279
18275.0,1.7994767181540816,-0.5571872395918231,-0.14904664720460198
18276.0,-0.7516302307389565,0.48966298795922886,0.43028194573395223
18277.0,-0.6847472770226596,0.2992073267345332,0.18564045949616909
18278.0,-0.608309615632606,-0.5571872395918231,-0.5689592996920693
18279.0,1.517612841778259,-1.058145946714099,-0.9880235913492333
18280.0,0.36627056709057704,-0.5571872395918231,-0.45064504187054855
18281.0,-0.09713275508662275,-0.5571872395918231,-1.0885320685198447
18282.0,-0.923614968866577,-0.5571872395918231,-1.1760866942095327
18283.0,-0.9427243842140904,1.9594133665673954,0.7733092082540708
18284.0,1.1019830579698426,-1.058145946714099,-0.4908029608703128
18285.0,2.1959970866149843,-1.058145946714099,-0.5470424874566154
18286.0,1.3169639806293683,-0.5571872395918231,0.2534790914766461
18287.0,-0.7564075845758348,0.654643185938614,1.0986548392722388
